# Fix print output for fix def1
-6.80641698368889e-16 0.186614927112515
9.89999999992663e-05 0.145495294428305
0.000198999999999217 0.0775077213793401
0.000298999999999396 0.135541973531138
0.000398999999999346 0.0378164416413377
0.000498999999999297 0.0364617910742314
0.000598999999999248 -0.102298020888175
0.000698999999999426 0.139725738439178
0.000798999999999377 0.366052532335805
0.000898999999999329 0.597955959848382
0.00099899999999928 0.7986237447127
0.00109899999999923 0.812196507368085
0.00119899999999941 0.686299411644315
0.00129899999999936 0.559870834910917
0.00139899999999931 0.440224170109176
0.00149899999999926 0.42527054346408
0.00159899999999921 0.418309317611932
0.00169899999999939 0.902059814040483
0.00179899999999934 0.868850920098485
0.00189899999999929 1.07540915646536
0.00199899999999924 1.13061163624545
0.00209899999999942 0.841044830229468
0.00219899999999937 0.664170963787154
0.00229899999999932 0.498817535836983
0.00239899999999928 0.758507299660932
0.00249899999999923 0.887184272964553
0.0025989999999994 0.895460556639779
0.00269899999999936 0.981013714632898
0.00279899999999931 1.32029291521418
0.00289899999999926 1.29022761747264
0.00299899999999921 1.30647702315592
0.00309899999999939 1.13573166646663
0.00319899999999934 1.00828944530216
0.0032989999999993 1.18916215649326
0.00339899999999923 1.13262536553516
0.00349899999999941 1.22967620588764
0.00359899999999937 1.1914285159105
0.00369899999999933 1.37412513926275
0.00379899999999926 1.22817094573176
0.00389899999999922 1.30735775178434
0.00399899999999941 1.37360380116237
0.00409899999999937 1.50506883800579
0.0041989999999993 1.7535204806914
0.00429899999999926 1.91842239528738
0.00439899999999931 1.68099899980063
0.00449899999999937 1.62167562746242
0.00459899999999933 1.65610424193716
0.00469899999999929 1.48658360467528
0.00479899999999925 1.40085237787281
0.00489899999999941 1.68206749787218
0.00499899999999937 1.94981706671886
0.00509899999999933 1.94468967674564
0.00519899999999926 2.18453023901113
0.00529899999999922 2.0211858110156
0.0053989999999994 1.86349505082842
0.00549899999999936 1.63592916275549
0.00559899999999929 1.42031668051305
0.00569899999999925 1.81383627713292
0.00579899999999943 1.90949328167912
0.0058989999999994 2.12926393086658
0.00599899999999933 2.51631455719945
0.00609899999999929 2.56602247984803
0.00619899999999925 2.24768107106484
0.0062989999999994 2.07633093265118
0.00639899999999936 1.917231345541
0.00649899999999932 2.17839934829816
0.00659899999999925 2.27764973005675
0.00669899999999921 2.21849165464133
0.00679899999999939 2.386992682063
0.00689899999999935 2.60680376973725
0.00699899999999928 2.6103287050281
0.00709899999999924 2.54307931893198
0.00719899999999943 2.34992285822249
0.00729899999999939 2.49954860014135
0.00739899999999932 2.62189875918244
0.00749899999999928 2.59838336041405
0.00759899999999924 2.7615518948623
0.00769899999999939 2.80525538309191
0.00779899999999935 2.66130989462163
0.00789899999999931 2.73494487984509
0.00799899999999927 2.78898080207856
0.0080989999999992 2.70492329208673
0.00819899999999939 3.16703074038443
0.00829899999999935 2.86727752854547
0.00839899999999928 2.78525864675243
0.00849899999999924 2.45673349206217
0.00859899999999942 2.51943245821466
0.00869899999999938 2.84363568162211
0.00879899999999931 3.02491337927472
0.00889899999999927 3.25933792517339
0.00899899999999923 3.161687870686
0.00909899999999942 3.17529134810104
0.00919899999999935 2.92844809097836
0.00929899999999931 2.71164233645543
0.00939899999999927 2.80334501051836
0.0094989999999992 3.20880467094176
0.00959899999999938 3.10486760416879
0.00969899999999934 2.96605665345975
0.0097989999999993 3.3626701333649
0.00989899999999923 3.56053506641036
0.00999899999999941 3.69917828979271
0.0100989999999994 3.47534058753986
0.0101989999999993 3.65413931805155
0.0102989999999993 3.55130886692051
0.0103989999999992 3.3396198475669
0.0104989999999994 3.7073481592986
0.0105989999999993 3.77131091579637
0.0106989999999993 4.00227094354334
0.0107989999999993 3.90058395205307
0.0108989999999993 3.55753623218396
0.0109989999999994 3.62366299792788
0.0110989999999993 3.53232770383344
0.0111989999999993 3.80301027897562
0.0112989999999992 3.8387522156443
0.0113989999999994 3.89353829043659
0.0114989999999994 3.97071776010428
0.0115989999999993 4.27415271348956
0.0116989999999993 4.00640834190673
0.0117989999999992 3.93595665464313
0.0118989999999994 3.72331639972186
0.0119989999999993 3.48946821937239
0.0120989999999993 3.76480947450958
0.0121989999999993 3.85893044031217
0.0122989999999993 4.3851503395852
0.0123989999999994 4.69642971360223
0.0124989999999993 4.59179149377197
0.0125989999999993 4.48483944285839
0.0126989999999992 4.16264784148186
0.0127989999999994 4.02659427014561
0.0128989999999994 3.92019797330105
0.0129989999999993 4.00231621550689
0.0130989999999993 4.38227811271686
0.0131989999999992 4.62406755488185
0.0132989999999994 4.40395333060178
0.0133989999999994 4.61375480383241
0.0134989999999993 4.65462659126359
0.0135989999999992 4.79278272602062
0.0136989999999994 4.61804768502522
0.0137989999999994 4.76906483566731
0.0138989999999993 4.55916776109848
0.0139989999999993 4.60705851240544
0.0140989999999992 4.67486961767273
0.0141989999999994 4.69709363700496
0.0142989999999994 4.58121188840704
0.0143989999999993 4.53817389196243
0.0144989999999992 5.01976380174738
0.0145989999999992 5.13897832250098
0.0146989999999994 5.22446466627908
0.0147989999999993 5.36297116827041
0.0148989999999993 5.22003343430794
0.0149989999999992 4.94771132838142
0.0150989999999994 4.89701484206739
0.0151989999999994 5.02249112591576
0.0152989999999993 5.13919034581998
0.0153989999999993 5.22889245597518
0.0154989999999992 5.07566698239491
0.0155989999999994 5.04915615006918
0.0156989999999993 5.19460856721962
0.0157989999999993 5.23297392894951
0.0158989999999993 5.37932111680197
0.0159989999999992 5.30699322425552
0.0160989999999994 5.25336477155393
0.0161989999999993 5.52164123402718
0.0162989999999993 5.59142944450217
0.0163989999999992 5.65479057635446
0.0164989999999994 5.32789449458094
0.0165989999999994 5.42500319681779
0.0166989999999993 5.45866094098458
0.0167989999999993 5.72845807212127
0.0168989999999992 5.73464622107672
0.0169989999999994 5.84673642399757
0.0170989999999993 5.8069540972135
0.0171989999999993 5.90097330479936
0.0172989999999993 5.93494867833048
0.0173989999999993 5.92913377299407
0.0174989999999994 5.88913566794138
0.0175989999999993 5.87219543375189
0.0176989999999993 5.49105032997238
0.0177989999999992 5.88032897493426
0.0178989999999994 5.93216447431078
0.0179989999999994 6.08450635678901
0.0180989999999993 6.36374965166486
0.0181989999999993 5.64647219673849
0.0182989999999992 5.74984730620404
0.0183989999999994 5.7894797940175
0.0184989999999993 6.20471140023722
0.0185989999999993 6.44943715363712
0.0186989999999993 6.54552995270188
0.0187989999999993 6.74672127929645
0.0188989999999994 6.48323718009494
0.0189989999999993 6.18510345567507
0.0190989999999993 6.50140739362267
0.0191989999999992 6.19045963654192
0.0192989999999994 6.34747094112578
0.0193989999999994 6.53800650108363
0.0194989999999993 6.67590104270373
0.0195989999999993 6.53359766471049
0.0196989999999992 6.3954458396576
0.0197989999999994 6.46121288388975
0.0198989999999993 6.62146314850414
0.0199989999999993 6.90330028887348
0.0200989999999992 6.70454745250807
0.0201989999999994 6.78830471379191
0.0202989999999994 6.81311020836086
0.0203989999999993 6.59436276588778
0.0204989999999993 6.95274726947241
0.0205989999999992 7.05306762739674
0.0206989999999994 6.76516511525332
0.0207989999999994 6.70998093622358
0.0208989999999993 6.68615715716403
0.0209989999999992 6.93369823093084
0.0210989999999993 7.04922433941943
0.0211989999999994 7.25003922795927
0.0212989999999994 7.29718615897712
0.0213989999999993 7.15719311365229
0.0214989999999992 7.10308885280141
0.0215989999999994 7.18098679563569
0.0216989999999994 7.34461515828484
0.0217989999999993 7.25804603895808
0.0218989999999993 7.11125433522152
0.0219989999999992 7.2904149443865
0.0220989999999994 7.12566072853186
0.0221989999999993 7.07728537691823
0.0222989999999993 7.47434205223726
0.0223989999999992 7.65675276287719
0.0224989999999992 7.74128819054828
0.0225989999999994 7.44806633217801
0.0226989999999993 7.49179253774727
0.0227989999999993 7.37439244781702
0.0228989999999992 7.33649941979003
0.0229989999999994 7.6630477759734
0.0230989999999994 7.80644620417359
0.0231989999999993 7.50901387370408
0.0232989999999993 7.58540615740247
0.0233989999999992 7.42351274703232
0.0234989999999994 7.63907379665071
0.0235989999999993 7.68304541459934
0.0236989999999993 7.94676013573337
0.0237989999999993 7.96747401879665
0.0238989999999994 8.16366421715433
0.0239989999999994 8.20443782938721
0.0240989999999993 8.01534703753548
0.0241989999999993 7.68878160123865
0.0242989999999992 7.63123687051902
0.0243989999999994 7.83286206389969
0.0244989999999994 8.13925897725247
0.0245989999999993 8.47640157521557
0.0246989999999993 8.54382583655486
0.0247989999999992 8.45170437021507
0.0248989999999994 8.20523878333525
0.0249989999999993 8.04344072561825
0.0250989999999993 8.04066360048375
0.0251989999999993 8.31524076789924
0.0252989999999994 8.4624144377482
0.0253989999999994 8.6059330977625
0.0254989999999993 8.45313708924584
0.0255989999999993 8.33423416519498
0.0256989999999992 8.24566514542142
0.0257989999999994 8.40070814526813
0.0258989999999994 8.5679117009156
0.0259989999999993 8.83693763953572
0.0260989999999993 8.68081968847302
0.0261989999999992 8.73796109450645
0.0262989999999994 8.52120640617379
0.0263989999999993 8.49665026489551
0.0264989999999993 8.51419156040418
0.0265989999999992 8.67666709966291
0.0266989999999994 8.61691823074889
0.0267989999999994 8.87933842264792
0.0268989999999993 8.74212812833665
0.0269989999999993 8.89596230061879
0.0270989999999992 9.18852440039737
0.0271989999999994 9.31007829892033
0.0272989999999994 9.12799084359559
0.0273989999999993 8.93747494435302
0.0274989999999992 8.95802735234038
0.0275989999999994 8.85736653389765
0.0276989999999994 8.81507204352943
0.0277989999999993 9.16555229485209
0.0278989999999993 9.23099146252274
0.0279989999999992 9.29146122680286
0.0280989999999994 9.06127830242184
0.0281989999999994 8.99227195177916
0.0282989999999993 9.02202725664839
0.0283989999999993 8.98689174489695
0.0284989999999992 9.41785561613987
0.0285989999999994 9.45452668196013
0.0286989999999994 9.40261115496974
0.0287989999999993 9.28776461510976
0.0288989999999992 9.47563157134685
0.0289989999999994 9.50904303294084
0.0290989999999994 9.58787546608139
0.0291989999999993 9.65809800094222
0.0292989999999993 9.19006028830401
0.0293989999999992 9.45983173945389
0.0294989999999994 9.40162392300753
0.0295989999999993 9.77084447941149
0.0296989999999993 9.82158533190379
0.0297989999999993 10.1575559366158
0.0298989999999992 9.86131365057335
0.0299989999999994 9.66194681210463
0.0300989999999993 9.60236578271902
0.0301989999999993 9.70934210872056
0.0302989999999992 9.98341222564975
0.0303989999999994 9.92647891583294
0.0304989999999994 10.0757614844596
0.0305989999999993 10.0357041579152
0.0306989999999993 9.87436144580245
0.0307989999999992 9.70758935128623
0.0308989999999994 9.8524127865039
0.0309989999999994 10.153529778574
0.0310989999999993 10.3541562626377
0.0311989999999993 10.3898582334711
0.0312989999999992 10.2485587220916
0.0313989999999994 10.0607791034224
0.0314989999999993 9.94001433115803
0.0315989999999993 10.0281680861404
0.0316989999999993 10.3683101329094
0.0317989999999994 10.515654337433
0.0318989999999994 10.4118191581248
0.0319989999999992 10.4701513347805
0.0320989999999994 10.5237487125596
0.0321989999999992 10.3702568501111
0.0322989999999994 10.2562728923488
0.0323989999999993 10.2947754201195
0.0324989999999995 10.5690869359624
0.0325989999999993 10.5746375204432
0.0326989999999992 10.7044772709675
0.0327989999999994 10.6160955922764
0.0328989999999992 10.5467056833115
0.0329989999999994 10.5488528291203
0.0330989999999993 10.7463168713828
0.0331989999999995 10.8778118928339
0.0332989999999993 10.8817724811326
0.0333989999999992 10.9084749176936
0.0334989999999994 10.8785225414818
0.0335989999999992 10.5294347563319
0.0336989999999994 10.7672675688984
0.0337989999999993 11.0386358542272
0.0338989999999992 11.1689386571244
0.0339989999999993 11.2955707391501
0.0340989999999995 11.3067523607604
0.0341989999999994 11.2769153750294
0.0342989999999993 10.9492657458389
0.0343989999999994 10.9013733655184
0.0344989999999993 11.0514827409566
0.0345989999999995 11.2774195367605
0.0346989999999994 11.3106358939493
0.0347989999999992 11.5499392779214
0.0348989999999994 11.5985987877209
0.0349989999999993 11.572188636874
0.0350989999999995 11.0616973297191
0.0351989999999993 11.0680867546302
0.0352989999999992 11.3073665234798
0.0353989999999994 11.3380615216426
0.0354989999999996 11.499344180838
0.0355989999999994 11.5221503364263
0.0356989999999993 11.4116466583659
0.0357989999999991 11.383120924254
0.0358989999999993 11.2090458908111
0.0359989999999995 11.4091666304889
0.0360989999999994 11.5969889231589
0.0361989999999992 11.9731227591411
0.0362989999999991 12.0179754882695
0.0363989999999993 11.8883769126703
0.0364989999999995 11.433015633768
0.0365989999999993 11.393389959086
0.0366989999999992 11.7802004029353
0.0367989999999994 12.1669749384954
0.0368989999999996 12.0753109858855
0.0369989999999994 11.896003708446
0.0370989999999993 11.7325741985279
0.0371989999999992 11.8725161205685
0.0372989999999994 11.8192817064316
0.0373989999999995 12.0117598555106
0.0374989999999994 12.2376057124461
0.0375989999999993 12.0135967747548
0.0376989999999991 11.947648722209
0.0377989999999993 12.0589117665164
0.0378989999999995 12.0625965965011
0.0379989999999994 12.0584764330757
0.0380989999999992 12.0709922919597
0.0381989999999991 12.2121845130057
0.0382989999999993 12.3618259782266
0.0383989999999995 12.2863955431427
0.0384989999999993 12.3362126503293
0.0385989999999992 12.4231300098646
0.0386989999999994 12.7321069440246
0.0387989999999992 12.33027712946
0.0388989999999994 12.4524656198604
0.0389989999999993 12.5274301920548
0.0390989999999992 12.3772509015377
0.0391989999999994 12.316088452423
0.0392989999999995 12.6282254155309
0.0393989999999994 12.5234368380761
0.0394989999999993 12.4660916557659
0.0395989999999991 12.3730749407232
0.0396989999999993 12.582480937648
0.0397989999999995 12.9293605335598
0.0398989999999994 12.8198053124978
0.0399989999999992 12.822497922855
0.0400989999999991 12.6143960792368
0.0401989999999993 12.5907861138758
0.0402989999999995 12.5076118249267
0.0403989999999993 12.8854343235367
0.0404989999999992 12.9983418939753
0.0405989999999994 12.9302341738477
0.0406989999999992 12.6922096324736
0.0407989999999994 12.6373624935053
0.0408989999999993 12.7530897237945
0.0409989999999991 12.6154466151194
0.0410989999999993 13.206508975109
0.0411989999999992 13.2887566472893
0.0412989999999994 13.0527070539288
0.0413989999999996 12.8456211914786
0.0414989999999994 13.1025028439273
0.0415989999999993 13.2122922980032
0.0416989999999995 13.1769232837492
0.0417989999999993 13.2299155857733
0.0418989999999992 13.1489470463287
0.0419989999999991 13.1442084013065
0.0420989999999993 13.3323640550516
0.0421989999999991 13.4221348928739
0.0422989999999996 13.204477505012
0.0423989999999995 13.1396734736951
0.0424989999999994 13.097755109912
0.0425989999999992 13.2050650844628
0.0426989999999994 13.5095091287027
0.0427989999999993 13.5696291288432
0.0428989999999991 13.5991021288363
0.0429989999999993 13.6201282173021
0.0430989999999992 13.4136222792502
0.0431989999999994 13.3575941310466
0.0432989999999996 13.3713104723433
0.0433989999999994 13.5644031087535
0.0434989999999993 13.6256917152462
0.0435989999999995 13.5597869247182
0.0436989999999993 13.5323615238089
0.0437989999999992 13.3287881596298
0.0438989999999991 13.4662169814389
0.0439989999999992 13.8144791921287
0.0440989999999994 13.8904012187472
0.0441989999999996 13.7230528322427
0.0442989999999995 13.5411562817166
0.0443989999999993 13.7329825944917
0.0444989999999992 13.6808688758831
0.0445989999999994 13.7014655997146
0.0446989999999993 13.8150500219376
0.0447989999999991 13.8803524043638
0.044898999999999 13.9678477868505
0.0449989999999992 14.0562577616821
0.0450989999999994 13.9616947892034
0.0451989999999995 13.7077171381775
0.0452989999999994 13.7658588429381
0.0453989999999993 13.9398723885368
0.0454989999999995 14.185976398872
0.0455989999999993 14.2695075094523
0.0456989999999992 14.1057717948942
0.0457989999999991 14.061558424715
0.0458989999999992 13.9058830349332
0.0459989999999994 13.8919529307247
0.0460989999999996 14.163424691164
0.0461989999999995 14.2478528207446
0.0462989999999993 14.4016171508303
0.0463989999999992 14.5271627733745
0.0464989999999994 14.4497013260755
0.0465989999999992 14.3220221339497
0.0466989999999991 14.2751672841703
0.046798999999999 14.362883431964
0.0468989999999992 14.6181518584123
0.0469989999999993 14.7124788663162
0.0470989999999995 14.3621161338218
0.0471989999999994 14.5069923872429
0.0472989999999993 14.543390878775
0.0473989999999991 14.6365658371018
0.0474989999999993 14.6608786248047
0.0475989999999992 14.8473110992298
0.047698999999999 14.6165195261685
0.0477989999999992 14.4790004615555
0.0478989999999994 14.4087807072391
0.0479989999999996 14.2476247770345
0.0480989999999995 14.6802169337299
0.0481989999999993 14.8545757072363
0.0482989999999992 14.8707293065746
0.0483989999999994 14.7540787794407
0.0484989999999992 15.0021164557702
0.0485989999999991 14.951108449285
0.048698999999999 14.8141190355481
0.0487989999999995 14.8240248260849
0.0488989999999993 14.9285248637181
0.0489989999999995 14.9694092188262
0.0490989999999994 14.9457903351141
0.0491989999999993 14.9855549852456
0.0492989999999991 14.9487008035426
0.0493989999999993 14.8783258067335
0.0494989999999992 14.7052902324504
0.049598999999999 14.9217621690943
0.0496989999999992 15.1143876783595
0.0497989999999994 15.3194890139606
0.0498989999999993 15.3294446886255
0.0499989999999994 14.9850661005915
0.0500989999999993 14.8671010053236
0.0501989999999992 14.7726048447855
0.0502989999999994 15.0902782227315
0.0503989999999992 15.4506149737955
0.0504989999999991 15.5356317049051
0.0505989999999993 15.31555554876
0.0506989999999995 15.1830218251381
0.0507989999999993 15.2907276809793
0.0508989999999995 15.4287400709514
0.0509989999999994 15.6115061041038
0.0510989999999992 15.2609249920763
0.0511989999999991 15.1994496057917
0.0512989999999993 15.2456947928719
0.0513989999999992 15.4204439329928
0.051498999999999 15.5957422767582
0.0515989999999995 15.480911045592
0.0516989999999994 15.3205497097599
0.0517989999999992 15.511585422541
0.0518989999999994 15.8033928725691
0.0519989999999993 15.839568747216
0.0520989999999992 15.3874993883383
0.0521989999999994 15.3292388596493
0.0522989999999992 15.2816000966626
0.0523989999999991 15.5760401834693
0.0524989999999993 15.5884263339168
0.0525989999999994 15.9496856981477
0.0526989999999993 15.5624691295504
0.0527989999999995 15.3925976401203
0.0528989999999994 15.7797413015548
0.0529989999999992 15.6986323325662
0.0530989999999991 15.9140635278997
0.0531989999999993 15.8969977773396
0.0532989999999991 15.8000607509516
0.0533989999999993 15.7340396814773
0.0534989999999995 15.7869290217903
0.0535989999999994 15.8326530388507
0.0536989999999992 15.9626102340059
0.0537989999999994 16.1940024509358
0.0538989999999993 16.0241721528158
0.0539989999999992 15.5932352499942
0.0540989999999993 15.6685267402602
0.0541989999999992 15.6977052863384
0.0542989999999994 15.8267367949261
0.0543989999999996 16.2361769283327
0.0544989999999994 16.383938487124
0.0545989999999993 16.2860153165039
0.0546989999999995 16.1608223058023
0.0547989999999993 16.2218342997571
0.0548989999999992 15.814117881618
0.0549989999999991 16.032861177928
0.0550989999999993 16.0035240989968
0.0551989999999991 16.2678111295108
0.0552989999999996 16.3089537933596
0.0553989999999995 16.1600618227819
0.0554989999999994 16.255015623542
0.0555989999999992 16.252003465112
0.0556989999999994 16.4737897599927
0.0557989999999993 16.5962498981661
0.0558989999999991 16.142769025228
0.055998999999999 16.2187956599753
0.0560989999999992 16.0877984900791
0.0561989999999994 16.2790425804445
0.0562989999999996 16.6579550287269
0.0563989999999994 16.4884354525369
0.0564989999999993 16.2370451947497
0.0565989999999995 16.202713795314
0.0566989999999993 16.4763650775807
0.0567989999999992 16.2671787322452
0.0568989999999991 16.1493073190968
0.0569989999999993 16.3717970568706
0.0570989999999994 16.3328987570501
0.0571989999999996 16.2213326678256
0.0572989999999995 16.534500734977
0.0573989999999994 16.8144232616376
0.0574989999999992 16.8068593398109
0.0575989999999994 16.7312295225121
0.0576989999999993 16.4479260647176
0.0577989999999991 16.1510901853377
0.057898999999999 16.4547057064864
0.0579989999999992 16.6521011584307
0.0580989999999994 17.0306073687775
0.0581989999999995 16.7041156871379
0.0582989999999994 16.5766381913558
0.0583989999999993 16.8184054097279
0.0584989999999991 16.8204065595385
0.0585989999999993 16.7684568764989
0.0586989999999992 16.4822600060923
0.0587989999999991 16.338238909504
0.0588989999999992 16.7027062756932
0.0589989999999994 17.2391236764537
0.0590989999999996 16.756301399576
0.0591989999999995 16.2609825708049
0.0592989999999993 16.38416169951
0.0593989999999992 16.7809090860807
0.0594989999999994 16.8536132952714
0.0595989999999993 17.0140859919904
0.0596989999999991 16.8174551672518
0.059798999999999 16.7361942946876
0.0598989999999992 16.8459471908704
0.0599989999999994 17.016950569485
0.0600989999999995 17.0414126382308
0.0601989999999994 16.5968903146017
0.0602989999999993 16.6403798468124
0.0603989999999991 17.0543209405138
0.0604989999999993 16.9881594371386
0.0605989999999992 17.0364231570145
0.060698999999999 16.9536437062306
0.0607989999999992 16.9494668621667
0.0608989999999994 16.6304155367417
0.0609989999999993 16.5636662907431
0.0610989999999995 16.9358964697636
0.0611989999999993 17.2357420648182
0.0612989999999992 17.2941252523001
0.0613989999999994 16.7759106086337
0.0614989999999992 16.4667928577453
0.0615989999999991 17.0235751271205
0.0616989999999993 17.3453083643042
0.0617989999999995 17.4270864044722
0.0618989999999993 17.0424785072975
0.0619989999999995 16.5481823349249
0.0620989999999994 16.6782139617273
0.0621989999999993 17.0525208711922
0.0622989999999991 17.1473684939133
0.0623989999999993 16.8909163048784
0.0624989999999992 17.0191847563124
0.062598999999999 17.1846100194413
0.0626989999999992 17.2856278466068
0.0627989999999994 16.9824706117537
0.0628989999999993 17.0442941368003
0.0629989999999995 17.0615642713543
0.0630989999999993 16.9543192665129
0.0631989999999992 16.9610253386445
0.0632989999999994 17.3251735033663
0.0633989999999992 17.2958463448925
0.0634989999999991 17.0396545685918
0.0635989999999993 17.3000866521566
0.0636989999999995 17.0320969970807
0.0637989999999993 17.1016161180761
0.0638989999999995 17.2196708374607
0.0639989999999994 17.2718395459318
0.0640989999999992 17.1645590612566
0.0641989999999991 17.0167981415295
0.0642989999999993 17.1591890618259
0.0643989999999992 17.4990136752346
0.064498999999999 17.4040818675254
0.0645989999999995 17.3052429175461
0.0646989999999994 17.1987862358743
0.0647989999999993 17.440701755352
0.0648989999999994 17.0613699074132
0.0649989999999993 17.2831108384248
0.0650989999999992 17.2549571116697
0.0651989999999994 17.582562279656
0.0652989999999992 17.5601764109468
0.0653989999999991 17.2774431725149
0.0654989999999993 17.1520445470491
0.0655989999999995 17.2162929634216
0.0656989999999993 17.4214507008567
0.0657989999999995 17.421293436979
0.0658989999999994 17.5806100938894
0.0659989999999992 17.1283506889569
0.0660989999999991 17.270233743817
0.0661989999999993 17.7634083451304
0.0662989999999992 17.8674192508184
0.0663989999999993 17.5371190181489
0.0664989999999995 17.305656243487
0.0665989999999994 17.1067638838278
0.0666989999999992 17.2807203410333
0.0667989999999994 17.6200961742483
0.0668989999999993 17.5618190718318
0.0669989999999992 17.2760168651601
0.067098999999999 17.0941021314377
0.0671989999999992 17.305887590468
0.0672989999999994 17.4960427802141
0.0673989999999996 17.6519577760641
0.0674989999999994 17.5020685412485
0.0675989999999993 17.460067390276
0.0676989999999995 17.7134661858766
0.0677989999999994 17.5973564676754
0.0678989999999992 17.2778981640023
0.0679989999999991 17.5621573705542
0.0680989999999993 17.701264410481
0.0681989999999995 17.6467679038022
0.0682989999999993 17.3902690834455
0.0683989999999995 17.3100725105774
0.0684989999999994 17.6239492931417
0.0685989999999992 17.7711317447137
0.0686989999999994 17.5995222526232
0.0687989999999993 17.402412246869
0.0688989999999992 17.5168900375455
0.068998999999999 17.4518092284175
0.0690989999999992 17.5117096862455
0.0691989999999994 17.708473716222
0.0692989999999996 17.6465489863309
0.0693989999999994 17.3083439077733
0.0694989999999993 17.4659633830907
0.0695989999999992 17.6573072411456
0.0696989999999993 17.8826473076591
0.0697989999999992 17.6492261964944
0.0698989999999991 17.3294073427542
0.0699989999999993 17.3111013060963
0.0700989999999994 17.5755934153991
0.0701989999999996 17.2976725613216
0.0702989999999995 17.0737610086311
0.0703989999999994 17.3972476443361
0.0704989999999992 17.6765149382019
0.0705989999999994 17.5637018666928
0.0706989999999993 17.3775685251114
0.0707989999999991 17.4591082182552
0.070898999999999 17.5097297759972
0.0709989999999992 17.7450302008106
0.0710989999999994 17.7683857319912
0.0711989999999996 17.56307781649
0.0712989999999994 17.5331034688098
0.0713989999999993 17.88437703206
0.0714989999999992 17.9901024297644
0.0715989999999993 17.7366449584235
0.0716989999999992 17.5356726582284
0.0717989999999991 17.4194104231997
0.0718989999999992 17.296385718457
0.0719989999999994 17.2513490181668
0.0720989999999996 17.482406629045
0.0721989999999995 17.8325815761163
0.0722989999999993 17.718448903095
0.0723989999999992 17.5021293391821
0.0724989999999994 17.7559513680075
0.0725989999999993 17.7198475560121
0.0726989999999991 17.6043493794483
0.072798999999999 17.6106618492314
0.0728989999999992 17.5520224040378
0.0729989999999994 17.7644076595305
0.0730989999999995 17.9230466656943
0.0731989999999994 17.8359469997235
0.0732989999999993 17.7080036360977
0.0733989999999991 17.4930172709843
0.0734989999999993 17.3977138578985
0.0735989999999992 17.6124781383016
0.073698999999999 17.9699766245479
0.0737989999999992 17.8363621115928
0.0738989999999994 17.7073687064106
0.0739989999999993 17.6264613239721
0.0740989999999995 17.561772528181
0.0741989999999993 17.6665790239156
0.0742989999999992 17.7069842233987
0.0743989999999994 17.81031373542
0.0744989999999992 17.5228910183914
0.0745989999999991 17.7165888538577
0.0746989999999993 17.7909790574478
0.0747989999999995 18.0449486859637
0.0748989999999994 17.9561940333426
0.0749989999999995 17.2830786821645
0.0750989999999994 17.228840509661
0.0751989999999993 17.6418021086263
0.0752989999999991 17.8247170287046
0.0753989999999993 17.6545898600937
0.0754989999999992 17.434656065428
0.075598999999999 17.4579684902835
0.0756989999999992 17.9431518070867
0.0757989999999994 18.0113765965443
0.0758989999999993 17.5654746020734
0.0759989999999995 17.3964593789165
0.0760989999999993 17.5969718540043
0.0761989999999992 17.7319363065008
0.0762989999999994 17.616746615196
0.0763989999999992 17.6043432617009
0.0764989999999991 17.97009249521
0.0765989999999993 17.529422109879
0.0766989999999995 17.4919448820121
0.0767989999999993 17.5203945146424
0.0768989999999995 17.8267081153872
0.0769989999999994 17.5933405086751
0.0770989999999993 17.4809805280137
0.0771989999999991 17.439327934276
0.0772989999999993 17.5399567873547
0.0773989999999992 17.6234877207937
0.077498999999999 17.4940252515805
0.0775989999999995 17.4926638916251
0.0776989999999994 17.6465546636585
0.0777989999999993 17.7495335477155
0.0778989999999994 17.5435975940692
0.0779989999999993 17.4759845933524
0.0780989999999992 17.6284216362766
0.078198999999999 17.5154170167525
0.0782989999999992 17.4409208184755
0.0783989999999991 17.6581292974061
0.0784989999999993 17.6422555709683
0.0785989999999995 17.6027652701128
0.0786989999999993 17.7633366724384
0.0787989999999995 17.3346892490694
0.0788989999999994 17.2049488740751
0.0789989999999992 17.1169363402454
0.0790989999999991 17.0717738113043
0.0791989999999993 17.4531452722442
0.0792989999999992 17.4267812043703
0.0793989999999993 16.9739940531107
0.0794989999999995 17.1921783865613
0.0795989999999994 17.275483665377
0.0796989999999992 17.3310899759921
0.0797989999999994 17.6303760726697
0.0798989999999993 17.3573314330466
0.0799989999999992 17.4733704241344
0.080098999999999 17.5176386619554
0.0801989999999992 17.3498586839931
0.0802989999999994 17.2541298934524
0.0803989999999996 17.4912998021938
0.0804989999999994 17.6391646383636
0.0805989999999993 17.5253101595481
0.0806989999999995 17.2502647860421
0.0807989999999994 17.1931382165831
0.0808989999999992 17.2693341940051
0.0809989999999991 17.5166591628949
0.0810989999999993 17.2258089524652
0.0811989999999995 17.1134066272253
0.0812989999999993 16.9300426899345
0.0813989999999995 17.3964991885886
0.0814989999999994 17.2480777703978
0.0815989999999992 17.0632283566967
0.0816989999999994 17.0576757820255
0.0817989999999993 16.7543858975226
0.0818989999999992 17.0107241667369
0.081998999999999 17.1620754476592
0.0820989999999992 16.9016450141753
0.0821989999999994 16.9324677344208
0.0822989999999996 16.8387065738893
0.0823989999999994 16.8507683557586
0.0824989999999993 16.751344034534
0.0825989999999992 16.9103897148803
0.0826989999999994 16.6792086727006
0.0827989999999992 16.4726713829893
0.0828989999999991 16.6689588846297
0.0829989999999993 16.5693926442504
0.0830989999999995 16.4263598621171
0.0831989999999996 15.9752894833511
0.0832989999999995 15.5651322645721
0.0833989999999994 15.6183978107072
0.0834989999999992 15.8566325147931
0.0835989999999994 16.0020117449172
0.0836989999999993 15.8247031085405
0.0837989999999991 15.662724549728
0.083898999999999 16.0997817789262
0.0839989999999992 16.2718455541415
0.0840989999999994 16.544209887904
0.0841989999999996 16.2356838656065
0.0842989999999994 16.3533733533111
0.0843989999999993 16.5712111691209
0.0844989999999992 16.8583753288082
0.0845989999999993 16.7533607555077
0.0846989999999992 16.073460601526
0.0847989999999991 16.0307652818617
0.0848989999999993 16.1331088297344
0.0849989999999994 16.1328207529769
0.0850989999999993 15.9869242270642
0.0851989999999995 15.7671895148675
0.0852989999999993 15.8674329369817
0.0853989999999992 16.0812454020289
0.0854989999999994 16.2867100987873
0.0855989999999993 15.8831745129066
0.0856989999999991 15.9982324271415
0.085798999999999 16.3719795412602
0.0858989999999992 16.5135900413639
0.0859989999999994 16.3538648610756
0.0860989999999996 16.4107004950206
0.0861989999999994 16.4468669927433
0.0862989999999993 16.163246618496
0.0863989999999991 16.3058868042581
0.0864989999999993 16.1144955297078
0.0865989999999992 16.0530080597694
0.0866989999999991 16.4200559552816
0.0867989999999992 16.2686142202222
0.0868989999999994 16.0305207714335
0.0869989999999993 15.873575098302
0.0870989999999995 16.1190391186485
0.0871989999999993 16.3569753980801
0.0872989999999992 16.0749445375369
0.0873989999999994 16.286102043554
0.0874989999999992 16.3871312015334
0.0875989999999991 16.4147723860212
0.0876989999999993 16.4329163501665
0.0877989999999992 16.3267566719267
0.0878989999999994 16.312033301355
0.0879989999999995 16.382940429627
0.0880989999999994 16.2886112370247
0.0881989999999993 15.9717060175551
0.0882989999999991 16.1225520398251
0.0883989999999993 15.9801934789146
0.0884989999999992 16.2274095344512
0.0885989999999994 15.8528951876916
0.0886989999999992 15.768079534852
0.0887989999999994 16.2352934888234
0.0888989999999993 16.1357828002726
0.0889989999999995 16.1751493374245
0.0890989999999993 16.1850797789327
0.0891989999999992 16.2218360382778
0.0892989999999994 16.3607779139982
0.0893989999999992 16.3208282059253
0.0894989999999991 16.3949752136259
0.0895989999999993 16.6266374686875
0.0896989999999995 16.4029782617389
0.0897989999999993 16.2636075021138
0.0898989999999995 16.3935082840342
0.0899989999999994 16.3218690939188
0.0900989999999992 16.1567964444927
0.0901989999999991 16.1627774547706
0.0902989999999993 16.1703054291789
0.0903989999999992 16.0744925730809
0.090498999999999 16.1735899746864
0.0905989999999992 16.3138490539969
0.0906989999999994 16.2151075004388
0.0907989999999993 16.2657587192638
0.0908989999999995 16.0576812590942
0.0909989999999993 16.0973174170265
0.0910989999999992 15.7906887082235
0.091198999999999 16.2760109414304
0.0912989999999992 16.3878861860914
0.0913989999999991 16.6418900173942
0.0914989999999993 16.3447959791719
0.0915989999999995 15.9695753395302
0.0916989999999993 15.7151934820453
0.0917989999999995 15.8345252941
0.0918989999999994 16.2004328281532
0.0919989999999992 16.2971376393663
0.0920989999999991 16.2810469588174
0.0921989999999993 16.1434757019597
0.0922989999999991 16.0514300905787
0.0923989999999993 16.2607710308067
0.0924989999999995 16.2367435063488
0.0925989999999994 16.2150045323353
0.0926989999999993 16.3213235061537
0.0927989999999994 16.1792190155426
0.0928989999999993 16.2721308888022
0.0929989999999992 16.2235347060583
0.093098999999999 16.0347512940302
0.0931989999999992 16.130435170245
0.0932989999999994 16.3695544898618
0.0933989999999996 16.2493994453331
0.0934989999999994 15.6789403896106
0.0935989999999993 15.6524143535334
0.0936989999999992 16.1096724406711
0.0937989999999994 16.1540632714269
0.0938989999999992 15.8725033151039
0.0939989999999991 15.8268139521705
0.0940989999999993 15.9302571574395
0.0941989999999995 16.3025632125742
0.0942989999999993 16.1805055130184
0.0943989999999995 16.1018561738248
0.0944989999999994 16.3483583760592
0.0945989999999993 16.3778193787335
0.0946989999999994 16.0663246951786
0.0947989999999993 15.8833719397365
0.0948989999999992 15.8917362570622
0.094998999999999 16.1010409904998
0.0950989999999992 16.279778869122
0.0951989999999994 16.1774828972923
0.0952989999999996 16.2266406761239
0.0953989999999994 16.2502207311735
0.0954989999999993 16.5588123269519
0.0955989999999992 16.4800223575845
0.0956989999999994 15.8558364475282
0.0957989999999992 15.988163901886
0.0958989999999991 16.170343815524
0.0959989999999993 16.4644873691938
0.0960989999999994 15.8907484320544
0.0961989999999993 15.6775471280814
0.0962989999999995 16.0575246445846
0.0963989999999994 16.2727149781538
0.0964989999999992 16.0386131335129
0.0965989999999994 15.7643434175806
0.0966989999999993 15.8920889006538
0.0967989999999991 15.8827676163711
0.096898999999999 15.7530939262528
0.0969989999999992 15.5369294460589
0.0970989999999994 15.4852434295843
0.0971989999999996 15.9249151671918
0.0972989999999994 16.2482421055393
0.0973989999999993 16.0177004991525
0.0974989999999992 15.8299245544491
0.0975989999999993 15.6238427113313
0.0976989999999992 15.64737583271
0.0977989999999991 16.1525879425954
0.0978989999999989 16.0408730691352
0.0979989999999991 15.8144050133089
0.0980989999999993 15.9558176566503
0.0981989999999995 15.7166618614024
0.0982989999999994 15.5511812287437
0.0983989999999992 15.4611713983139
0.0984989999999994 15.5277458393527
0.0985989999999993 15.7082117741334
0.0986989999999991 15.5201157725417
0.098798999999999 15.5080319334631
0.0988989999999992 15.1633996215165
0.0989989999999994 15.1705902250143
0.0990989999999995 15.576688939165
0.0991989999999994 15.5290196545963
0.0992989999999993 15.4752364870576
0.0993989999999991 15.3942012440453
0.0994989999999993 15.6419978859594
0.0995989999999992 15.646354408649
0.0996989999999991 16.0418623290819
0.0997989999999992 16.0958049936177
0.0998989999999994 15.7536561536102
0.0999989999999993 15.9541567741549
0.100098999999999 16.0402060758222
0.100198999999999 15.5705709380338
0.100298999999999 15.4767341917469
0.100398999999999 15.0359370435357
0.100498999999999 15.2104496944117
0.100598999999999 15.2017460578822
0.100698999999999 15.4868282069284
0.100798999999999 15.1126630037569
0.100898999999999 15.1650645000968
0.100999 15.1711079233957
0.101098999999999 15.5430255487941
0.101198999999999 15.589179162738
0.101298999999999 15.0546421383582
0.101398999999999 14.8056221364922
0.101498999999999 14.3603461491571
0.101598999999999 15.005719483265
0.101698999999999 15.0586927702854
0.101798999999999 15.1417319017165
0.101898999999999 14.4721257847954
0.101998999999999 14.3844099407495
0.102098999999999 14.8418051403665
0.102198999999999 15.1354292551046
0.102298999999999 15.0473846809766
0.102398999999999 14.8233677553792
0.102498999999999 14.8840717936479
0.102598999999999 15.0557840556364
0.102698999999999 15.2293507581407
0.102798999999999 15.2425085863467
0.102899 15.2028876341533
0.102998999999999 15.3935098355521
0.103098999999999 15.3294440647301
0.103198999999999 14.9971454237398
0.103298999999999 15.0101039774734
0.103398999999999 15.0060890485517
0.103498999999999 15.0576172685615
0.103598999999999 14.9182378316588
0.103698999999999 15.0148556257098
0.103798999999999 14.9652597281786
0.103898999999999 15.2409387230606
0.103998999999999 15.0713328111898
0.104098999999999 14.835757169535
0.104198999999999 14.5305647385429
0.104298999999999 14.65658295691
0.104398999999999 15.0946136556076
0.104498999999999 15.270396452643
0.104598999999999 14.8737590319223
0.104698999999999 14.6348628731177
0.104798999999999 14.5428871496134
0.104898999999999 14.7779481991488
0.104998999999999 14.9887984959437
0.105098999999999 14.8810773921903
0.105198999999999 14.6428584936202
0.105298999999999 14.7476837010472
0.105398999999999 15.0539556333613
0.105499 14.9189019432875
0.105598999999999 14.9302248706857
0.105698999999999 15.1539919044026
0.105798999999999 14.9919282895767
0.105898999999999 14.6027378245973
0.105998999999999 14.2663105031279
0.106098999999999 14.8066569555597
0.106198999999999 14.9817266509244
0.106298999999999 15.0273138245779
0.106399 14.8994698326057
0.106498999999999 14.8721669241533
0.106598999999999 14.849700740761
0.106698999999999 15.0552966790391
0.106798999999999 14.7934651767298
0.106898999999999 14.872702715369
0.106998999999999 15.0483482761793
0.107098999999999 15.0011501004046
0.107198999999999 14.9099888538727
0.107298999999999 14.9720636702938
0.107399 14.937008700976
0.107498999999999 14.7616928466937
0.107598999999999 14.8115008923403
0.107698999999999 14.8884371892888
0.107798999999999 14.9505714334471
0.107898999999999 14.6851872315788
0.107998999999999 14.5105212608796
0.108098999999999 14.6453298102698
0.108198999999999 14.9502762919803
0.108299 15.0194732850249
0.108398999999999 14.4468347726989
0.108498999999999 14.4825872578173
0.108598999999999 14.596751097983
0.108698999999999 14.9020917247605
0.108798999999999 14.5675954628529
0.108898999999999 14.4479192285607
0.108998999999999 14.7014345423583
0.109098999999999 14.5269015549988
0.109198999999999 14.645401289427
0.109299 14.7793383490671
0.109398999999999 14.4289137241088
0.109498999999999 14.3883288555256
0.109598999999999 14.434329333111
0.109698999999999 14.5965234734662
0.109798999999999 14.7207585883353
0.109898999999999 14.801186404514
0.109998999999999 14.6495694048742
0.110098999999999 14.3235318177862
0.110199 14.9358619530493
0.110298999999999 14.6621070366138
0.110398999999999 14.5809577545219
0.110498999999999 14.6089837868628
0.110598999999999 15.1350240272904
0.110698999999999 14.6588909252481
0.110798999999999 14.2210557507408
0.110898999999999 14.264983333671
0.110998999999999 14.6145955330476
0.111098999999999 14.6994317843261
0.111198999999999 14.4598269647639
0.111298999999999 14.5526358077311
0.111398999999999 14.8867437501412
0.111498999999999 14.8689483858093
0.111598999999999 14.2939787201846
0.111698999999999 14.1909321881519
0.111798999999999 14.1228205478299
0.111898999999999 14.568945262893
0.111998999999999 14.9179772483635
0.112099 14.3927532383309
0.112198999999999 13.7848141986089
0.112298999999999 13.8809972208595
0.112398999999999 13.9959252798179
0.112498999999999 14.1114649837418
0.112598999999999 14.1078193480475
0.112698999999999 14.2436822753902
0.112798999999999 14.0425063695331
0.112898999999999 13.8876429114475
0.112998999999999 14.0356006437663
0.113098999999999 14.0395501427689
0.113198999999999 14.2842401741846
0.113298999999999 14.2293783035788
0.113398999999999 13.7139342985451
0.113498999999999 13.6064256732879
0.113598999999999 14.0226770949788
0.113698999999999 13.9209163361445
0.113798999999999 13.7817834839859
0.113898999999999 13.6420317816786
0.113999 13.5687339619862
0.114098999999999 13.3902105723131
0.114198999999999 13.5281073075984
0.114298999999999 13.4413743644012
0.114398999999999 13.7502567184448
0.114498999999999 13.6519486337339
0.114598999999999 13.1038795009
0.114698999999999 12.8467024895532
0.114798999999999 13.5632165627759
0.114898999999999 13.7724782606446
0.114998999999999 13.0165350800119
0.115098999999999 12.6835713889784
0.115198999999999 13.2684134899663
0.115298999999999 13.3457212821818
0.115398999999999 13.1364008777472
0.115498999999999 13.1477181380519
0.115598999999999 13.078233645078
0.115698999999999 13.382104214758
0.115798999999999 13.2512333528077
0.115898999999999 13.0547527857713
0.115998999999999 13.124196313222
0.116098999999999 13.422746690054
0.116198999999999 13.5809114573642
0.116298999999999 13.384594021433
0.116398999999999 13.4830557556809
0.116498999999999 13.6321579939563
0.116599 13.4195073823995
0.116698999999999 13.3058159890919
0.116798999999999 13.4349164331456
0.116898999999999 13.2576317326839
0.116998999999999 13.3784662656769
0.117098999999999 13.4947971035181
0.117198999999999 12.9955479911609
0.117298999999999 13.1136085305026
0.117398999999999 13.0415918967403
0.117498999999999 13.1643404310927
0.117598999999999 13.2650744260091
0.117698999999999 13.1751633129095
0.117798999999999 13.1889622750849
0.117898999999999 13.3437187827083
0.117998999999999 12.8249658909704
0.118098999999999 13.0464618050134
0.118198999999999 13.3737522362721
0.118298999999999 13.2520314535522
0.118398999999999 13.1121514833828
0.118499 12.9517175552811
0.118598999999999 12.661741573612
0.118698999999999 12.8824354534796
0.118798999999999 12.9418690361374
0.118898999999999 13.2677503195588
0.118998999999999 13.1568809526411
0.119098999999999 12.884750965708
0.119198999999999 13.2146637242324
0.119298999999999 13.1566377110419
0.119399 13.0367857463298
0.119498999999999 13.0246118702466
0.119598999999999 13.1376634195153
0.119698999999999 13.3930188714576
0.119798999999999 13.3651375011545
0.119898999999999 12.8603257996862
0.119998999999999 13.0350912132786
0.120098999999999 13.4569579733025
0.120198999999999 13.3850399612252
0.120298999999999 13.2164988172214
0.120399 12.9718203220779
0.120498999999999 12.9164454963744
0.120598999999999 13.1566006054916
0.120698999999999 12.9920365976645
0.120798999999999 12.7612004464577
0.120898999999999 12.7221053655572
0.120998999999999 12.9724633000622
0.121098999999999 13.0545948243634
0.121198999999999 13.1447787589585
0.121299 13.2832694613042
0.121398999999999 13.4687386584216
0.121498999999999 13.4276202844751
0.121598999999999 13.0374919218202
0.121698999999999 13.1474079360898
0.121798999999999 13.2068253354261
0.121898999999999 13.3357839973091
0.121998999999999 12.8132017086794
0.122098999999999 12.7169746871185
0.122198999999999 12.9747097906908
0.122299 13.1086533286821
0.122398999999999 12.8806770373948
0.122498999999999 12.9087479328645
0.122598999999999 12.9963588782006
0.122698999999999 13.0886979231685
0.122798999999999 13.0693180205285
0.122898999999999 13.0006749977726
0.122998999999999 13.3368614235666
0.123098999999999 13.3067289796346
0.123199 12.6806158100984
0.123298999999999 12.8527058796919
0.123398999999999 13.0346601478729
0.123498999999999 13.242654153214
0.123598999999999 13.0813996557087
0.123698999999999 12.6277244733373
0.123798999999999 12.6751231670204
0.123898999999999 12.746890751085
0.123998999999999 12.8365187083379
0.124098999999999 12.9243931351679
0.124198999999999 12.9413328727257
0.124298999999999 12.9196732459863
0.124398999999999 13.1572657609949
0.124498999999999 13.4814554161693
0.124598999999999 13.2135991627702
0.124698999999999 12.9952142516218
0.124798999999999 12.6979525372539
0.124898999999999 12.9023415627592
0.124998999999999 13.1602371466744
0.125099 12.9546444391385
0.125198999999999 12.8112785609166
0.125298999999999 12.989244007198
0.125398999999999 13.1402235427896
0.125498999999999 12.8080888261966
0.125598999999999 12.5270724608615
0.125698999999999 12.5349440345357
0.125798999999999 12.7928280697684
0.125898999999999 13.0673265342607
0.125998999999999 13.1916650053962
0.126098999999999 12.9778800817627
0.126198999999999 12.463583877411
0.126298999999999 12.3233480936807
0.126398999999999 12.607226836912
0.126498999999999 12.9771351214245
0.126598999999999 12.9780760129697
0.126698999999999 12.5884975257674
0.126798999999999 12.6832409290378
0.126898999999999 12.4613301255212
0.126999 12.790171530731
0.127098999999999 12.9537441701714
0.127198999999999 13.0127442082536
0.127298999999999 12.5034815122749
0.127398999999999 12.8405530496165
0.127498999999999 12.9067752703018
0.127598999999999 12.9253980849147
0.127698999999999 12.5434227366537
0.127798999999999 12.4675739625077
0.127898999999999 12.8826219795014
0.127998999999999 12.7111428465657
0.128098999999999 12.3754730953915
0.128198999999999 12.8359170942487
0.128298999999999 12.7600789084262
0.128398999999999 12.9740225886307
0.128498999999999 12.8637093164298
0.128598999999999 12.6911677790654
0.128698999999999 12.5775625517469
0.128798999999999 12.7316027563881
0.128898999999999 12.7751313202359
0.128998999999999 12.7721898931502
0.129098999999999 12.6256306910373
0.129198999999999 12.6274577705385
0.129298999999999 12.669353424817
0.129398999999999 12.7799281514515
0.129498999999999 12.9134174555229
0.129598999999999 12.9191557864448
0.129698999999999 12.4368797158651
0.129798999999999 12.5698884572787
0.129898999999999 12.6136580144792
0.129998999999999 12.3164618032077
0.130098999999999 12.172085594742
0.130198999999999 12.3583024088363
0.130298999999999 12.4787170814847
0.130398999999999 12.2141644156748
0.130498999999999 11.8378029146716
0.130598999999999 11.9364622728371
0.130698999999999 12.1011939487605
0.130798999999999 11.9102959132316
0.130898999999999 11.9358262979371
0.130998999999999 11.6606137368262
0.131098999999999 11.8076996487636
0.131198999999999 11.8750856934484
0.131298999999999 12.0429935099677
0.131398999999999 11.9135390830116
0.131499 11.7921623518935
0.131598999999999 11.9609816527466
0.131698999999999 12.3709757547293
0.131798999999999 11.8620345105223
0.131898999999999 11.442321735893
0.131998999999999 11.3391696105631
0.132098999999999 11.6196587439449
0.132198999999999 11.6149509372091
0.132298999999999 11.5041261605328
0.132398999999999 11.1767988308394
0.132498999999999 11.5060806062362
0.132598999999999 12.1285502848251
0.132698999999999 11.7007233630845
0.132798999999999 10.7875591923799
0.132898999999999 10.9895316192205
0.132998999999999 11.1789544703094
0.133098999999999 11.1154234738609
0.133198999999999 11.0998267072209
0.133298999999999 10.6825123470889
0.133399 10.550886982633
0.133498999999999 10.4592806940609
0.133598999999999 9.72469802038548
0.133698999999999 8.92844545132411
0.133798999999999 8.27172166506846
0.133898999999999 8.28773663863565
0.133998999999999 7.8230964807983
0.134098999999999 7.54878295922676
0.134198999999999 7.1699202367042
0.134298999999999 7.24284087663971
0.134398999999999 7.37800628810027
0.134498999999999 7.3599353613288
0.134598999999999 6.96610314419085
0.134698999999999 6.80571897744842
0.134798999999999 6.70134823897261
0.134898999999999 6.84589385447515
0.134998999999999 6.68303151131009
0.135098999999999 6.53694639053601
0.135198999999999 6.42634526562441
0.135299 6.94070141755154
0.135398999999999 6.93449175189753
0.135498999999999 6.86621345670971
0.135598999999999 7.03593287013547
0.135698999999999 7.12596373439917
0.135798999999999 7.58583898845167
0.135898999999999 7.27400693391553
0.135998999999999 6.95801587429251
0.136098999999999 6.44629225912517
0.136199 6.52533038361664
0.136298999999999 6.59959781276847
0.136398999999999 6.56935389676993
0.136498999999999 7.2624983282866
0.136598999999999 6.84083825037371
0.136698999999999 6.51924386262741
0.136798999999999 6.60420387197606
0.136898999999999 6.5374331723655
0.136998999999999 6.61084451872547
0.137098999999999 6.27221152297734
0.137199 6.55097703229127
0.137298999999999 6.66856812744832
0.137398999999999 7.00186119885085
0.137498999999999 6.89186716471915
0.137598999999999 7.07870448438755
0.137698999999999 6.8565790414865
0.137798999999999 6.93986946953741
0.137898999999999 7.43268087718944
0.137998999999999 7.49043523838749
0.138099 6.84913672536386
0.138198999999999 6.40421344241151
0.138298999999999 6.33848359176062
0.138398999999999 6.37338703481778
0.138498999999999 6.22502018648502
0.138598999999999 6.41760384882092
0.138698999999999 6.63410178572543
0.138798999999999 6.7975106246822
0.138898999999999 7.26496987674883
0.138998999999999 7.13826090219144
0.139098999999999 7.13738113779457
0.139198999999999 6.50344075070673
0.139298999999999 6.84330775905913
0.139398999999999 6.39165461881529
0.139498999999999 6.31093953626414
0.139598999999999 6.27389767622685
0.139698999999999 6.49184867678529
0.139798999999999 6.94738550309903
0.139898999999999 7.00091274855745
0.139998999999999 6.55743264164122
0.140098999999999 6.71320377722257
0.140198999999999 6.80714018223695
0.140298999999999 6.38831921341312
0.140398999999999 6.13899705496939
0.140498999999999 6.25982081201841
0.140598999999999 6.5625927679708
0.140698999999999 7.06600082783763
0.140798999999999 6.96167992588214
0.140898999999999 7.15909047999399
0.140998999999999 6.74187075751327
0.141098999999999 6.67018490517729
0.141198999999999 6.52357243219684
0.141298999999999 6.81849995719432
0.141398999999999 7.28427946832251
0.141498999999999 6.66939628705289
0.141598999999999 6.43856899353504
0.141698999999999 6.32002769805282
0.141798999999999 6.37008621459495
0.141898999999999 6.38082349705552
0.141998999999999 6.72334273601464
0.142098999999999 6.82818270396646
0.142198999999999 6.94383027530333
0.142298999999999 6.53790257746166
0.142398999999999 6.71008314618132
0.142498999999999 6.54673561469082
0.142598999999999 6.63763429601011
0.142698999999999 6.81081404565688
0.142798999999999 6.64637862063963
0.142898999999999 6.51122639979025
0.142998999999999 6.12065497895659
0.143098999999999 6.35846485867049
0.143198999999999 6.86295574893028
0.143298999999999 6.87901691446338
0.143398999999999 6.83644727885893
0.143498999999999 6.68680704391568
0.143598999999999 6.16671432990834
0.143698999999999 5.96457863574785
0.143798999999999 6.38715850908097
0.143898999999999 6.7334306623575
0.143998999999999 6.79233313182593
0.144098999999999 6.18208213428839
0.144198999999999 6.06243135250686
0.144298999999999 6.31955632869985
0.144398999999999 6.57240007265632
0.144498999999999 6.73988023587116
0.144598999999999 6.64243673265957
0.144698999999999 6.54694389572884
0.144798999999999 6.61655871834414
0.144898999999999 6.55854281243324
0.144998999999999 6.63848529555736
0.145098999999999 6.70570795519994
0.145198999999999 7.07898406078926
0.145298999999999 6.7032841231389
0.145398999999999 6.7542150817007
0.145498999999999 6.70876757485349
0.145598999999999 6.66186615371457
0.145698999999999 6.47923508625901
0.145798999999999 5.89457338476484
0.145898999999999 6.04315372854968
0.145998999999999 6.78225207794123
0.146098999999999 6.65747361150765
0.146198999999999 6.53029646579279
0.146298999999999 6.49276853340182
0.146399 6.83960972419163
0.146498999999999 6.44650653387463
0.146598999999999 6.18607977800371
0.146698999999999 6.06610701277808
0.146798999999999 6.16741586279463
0.146898999999999 6.23029979565952
0.146998999999999 6.38116195454886
0.147098999999999 6.52915655085984
0.147198999999999 6.23636293269011
0.147299 5.9932567076536
0.147398999999999 6.63236947860701
0.147498999999999 6.55593541534732
0.147598999999999 6.53854666620211
0.147698999999999 6.23412452023017
0.147798999999999 6.59697251813115
0.147898999999999 6.31085650616457
0.147998999999999 6.12781703524018
0.148098999999999 6.48714545373047
0.148198999999999 6.47148797295425
0.148299 6.53619727025334
0.148398999999999 6.82631388569859
0.148498999999999 6.14534353373749
0.148598999999999 5.83881678545632
0.148698999999999 6.19547527853822
0.148798999999999 6.54268709881366
0.148898999999999 6.62362368297752
0.148998999999999 6.21667575338155
0.149098999999999 6.08149933868156
0.149199 6.58723085829299
0.149298999999999 6.35277983377659
0.149398999999999 6.34437646688914
0.149498999999999 6.43492855054756
0.149598999999999 6.33133986863303
0.149698999999999 6.11456712211122
0.149798999999999 6.388671811161
0.149898999999999 6.43089335405442
0.149998999999999 6.54213616669029
0.150098999999999 6.42920845454504
0.150198999999999 6.43447676042938
0.150298999999999 6.00608456183233
0.150398999999999 6.23089411783711
0.150498999999999 6.01146144762534
0.150598999999999 6.55585337697713
0.150698999999999 6.32662229997245
0.150798999999999 6.60641585476698
0.150898999999999 6.4188525834702
0.150998999999999 6.55847526806824
0.151098999999999 6.02827772694941
0.151198999999999 5.9641839383575
0.151298999999999 6.25827504693998
0.151398999999999 6.11366555348755
0.151498999999999 6.42863127166047
0.151598999999999 6.71877275574019
0.151698999999999 6.23157152321244
0.151798999999999 5.84108427982784
0.151898999999999 6.07256002462196
0.151998999999999 6.22568458845561
0.152098999999999 6.12078136869405
0.152198999999999 6.06105734184022
0.152298999999999 6.2691004118764
0.152398999999999 6.14960969281376
0.152498999999999 6.82263347128756
0.152598999999999 6.6647567353668
0.152698999999999 6.72135570059735
0.152798999999999 6.36716803917498
0.152898999999999 6.26937984627553
0.152998999999999 6.39852914984801
0.153098999999999 6.42766759657577
0.153198999999999 6.54004409376157
0.153298999999999 6.20774463431769
0.153398999999999 6.38466717976693
0.153498999999999 6.2477114690168
0.153598999999999 5.86884752110273
0.153698999999999 6.05688607334264
0.153798999999999 5.8415228603483
0.153898999999999 5.79422555391078
0.153998999999999 5.93890119735662
0.154098999999999 6.09919458138813
0.154198999999999 6.14757947170908
0.154298999999999 6.23248222019795
0.154398999999999 6.53992447242901
0.154498999999999 6.42272516803605
0.154598999999999 6.19571761709797
0.154698999999999 5.61509741720288
0.154798999999999 5.92338607492219
0.154898999999999 6.20633041560824
0.154998999999999 6.06489079402159
0.155098999999999 6.33545468009112
0.155198999999999 6.48731206162166
0.155298999999999 6.64882913169373
0.155398999999999 5.89167944221778
0.155498999999999 6.1145285877425
0.155598999999999 6.37277864393788
0.155698999999999 6.37250722160387
0.155798999999999 6.61606433078417
0.155898999999999 6.18798567887093
0.155998999999999 6.23356224592878
0.156098999999999 6.73033856123092
0.156198999999999 6.25816534399833
0.156298999999999 5.7230892210506
0.156398999999999 6.02418472453897
0.156498999999999 5.99807919738355
0.156598999999999 6.21940797632919
0.156698999999999 6.50493399081553
0.156798999999999 6.42363467932436
0.156898999999999 6.55295991695022
0.156998999999999 6.19546829827731
0.157098999999999 5.97565280060602
0.157198999999999 6.04387563162392
0.157298999999999 6.35835522815814
0.157398999999999 5.74745486715994
0.157498999999999 5.91997105444405
0.157598999999999 5.90195428418961
0.157698999999999 6.15376823049826
0.157798999999999 5.91524496738158
0.157898999999999 5.72309270123473
0.157998999999999 6.09589879457436
0.158098999999999 6.00236732263538
0.158198999999999 6.04049869442479
0.158298999999999 6.10462185247057
0.158398999999999 6.51909649400284
0.158498999999999 6.41872153006843
0.158598999999999 6.47492880491105
0.158698999999999 5.92855607833718
0.158798999999999 5.97773228201126
0.158898999999999 5.85210767556843
0.158998999999999 5.87330089178454
0.159098999999999 5.9694882026677
0.159198999999999 6.17955830729212
0.159298999999999 6.20607300765052
0.159399 6.32881178771421
0.159498999999999 5.98890379735074
0.159598999999999 5.97428847174813
0.159698999999999 6.16216628828202
0.159798999999999 5.56777969168798
0.159898999999999 5.3447504858294
0.159998999999999 5.74217846814864
0.160098999999999 5.63115070508396
0.160198999999999 5.78929824153807
0.160298999999999 5.9134969248522
0.160398999999999 5.88646443013431
0.160498999999999 5.72544984952469
0.160598999999999 5.51164115566093
0.160698999999999 5.6297475175314
0.160798999999999 5.67738706971661
0.160898999999999 4.98494779107595
0.160998999999999 5.31142776684066
0.161098999999999 5.30329009482035
0.161198999999999 5.53368690941076
0.161299 5.60213379155536
0.161398999999999 5.68840162428435
0.161498999999999 5.96964623036049
0.161598999999999 5.98251169675132
0.161698999999999 5.56415972344976
0.161798999999999 5.45383070264191
0.161898999999999 5.43141331492801
0.161998999999999 5.36595568577755
0.162098999999999 5.55876483486422
0.162198999999999 6.01318044582691
0.162298999999999 5.73655135872225
0.162398999999999 5.19328295826089
0.162498999999999 5.01387527131241
0.162598999999999 5.51688568526988
0.162698999999999 5.28141573481067
0.162798999999999 5.68073262275436
0.162898999999999 5.74897533218983
0.162998999999999 5.68106960158192
0.163098999999999 6.09304010157141
0.163199 5.88000168818672
0.163298999999999 5.36981175484445
0.163398999999999 5.50264070427485
0.163498999999999 5.67364318906061
0.163598999999999 5.19898929499347
0.163698999999999 5.53071626823484
0.163798999999999 5.27558491131757
0.163898999999999 5.21066506583807
0.163998999999999 5.42229140903233
0.164098999999999 5.26410392938552
0.164198999999999 4.77937484585796
0.164298999999999 4.61602315310685
0.164398999999999 4.99032723789146
0.164498999999999 5.06608352539284
0.164598999999999 5.35517868762411
0.164698999999999 5.12252282594359
0.164798999999999 5.41253893369923
0.164898999999999 5.14824179587304
0.164998999999999 4.87034252885328
0.165098999999999 4.93650831311909
0.165198999999999 4.84993511670884
0.165298999999999 5.21756699762201
0.165398999999999 5.43835433758816
0.165498999999999 5.11552589900821
0.165598999999999 5.31640231271928
0.165698999999999 5.03277583325268
0.165798999999999 5.02036863472555
0.165898999999999 5.42764540211969
0.165998999999999 5.2857821053673
0.166098999999999 4.889047425621
0.166198999999999 4.68921558751358
0.166298999999999 4.86075374227856
0.166398999999999 5.07881123580607
0.166498999999999 5.32994943568771
0.166598999999999 4.84312870262976
0.166698999999999 5.50604738615463
0.166798999999999 5.13876793485718
0.166898999999999 5.5410549111102
0.166998999999999 5.06039117451633
0.167098999999999 5.1083195911441
0.167198999999999 4.57706273086684
0.167298999999999 4.75442973273543
0.167398999999999 4.68997276338292
0.167498999999999 4.53509446781813
0.167598999999999 4.81305283075464
0.167698999999999 5.02886768071268
0.167798999999999 5.28463279469814
0.167898999999999 5.32855823769846
0.167998999999999 5.46130592712291
0.168098999999999 5.20937173029189
0.168198999999999 5.28428017801467
0.168298999999999 5.02899297412949
0.168398999999999 5.13161048044915
0.168498999999999 4.61997738738519
0.168598999999999 4.67097649428583
0.168698999999999 4.91673690291237
0.168798999999999 5.23269492337969
0.168898999999999 5.2993828022479
0.168998999999999 5.27320055274884
0.169098999999999 4.98564649767743
0.169198999999999 5.28223005758683
0.169298999999999 4.98034274607864
0.169398999999999 4.90045634121813
0.169498999999999 4.63154046005969
0.169599 4.78621770307383
0.169698999999999 4.96269942729405
0.169798999999999 5.17435635880725
0.169898999999999 4.76223160003761
0.169998999999999 4.83984947224185
0.170098999999999 5.17075080987332
0.170198999999999 5.20092978707794
0.170298999999999 5.21825287769575
0.170398999999999 5.27439421888545
0.170498999999999 5.48386298190445
0.170598999999999 4.98102057873542
0.170698999999999 5.56363606399668
0.170798999999999 5.1733781843615
0.170898999999999 4.63853220370863
0.170998999999999 4.45169327392957
0.171098999999999 5.00715648183459
0.171198999999999 4.78680591134577
0.171298999999999 4.53830981981063
0.171398999999999 4.82646233858299
0.171498999999999 5.11085312171692
0.171598999999999 4.92699584260053
0.171698999999999 4.90910063062436
0.171798999999999 4.95890150446109
0.171898999999999 5.44362878177345
0.171998999999999 5.05515557215282
0.172098999999999 4.84152203466278
0.172198999999999 4.26479661479925
0.172298999999999 5.33309965226747
0.172399 4.72671819321141
0.172498999999999 5.10635355837615
0.172598999999999 4.73784615183714
0.172698999999999 5.02582964710467
0.172798999999999 5.25554209027986
0.172898999999999 5.39856311436772
0.172998999999999 5.08666537392769
0.173098999999999 5.10402677465128
0.173198999999999 5.13910618194468
0.173298999999999 5.52589188606564
0.173398999999999 5.1622571594432
0.173498999999999 4.93700291968748
0.173598999999999 4.58944772146788
0.173698999999999 4.50127585484989
0.173798999999999 4.43200439563163
0.173898999999999 4.75059491214284
0.173998999999999 5.25527784450654
0.174098999999999 5.24756911758317
0.174198999999999 4.88281491887464
0.174299 5.10833896613295
0.174398999999999 5.1228154108443
0.174498999999999 5.35652987419379
0.174598999999999 5.33008909416578
0.174698999999999 5.04429489597333
0.174798999999999 4.76326876082168
0.174898999999999 4.99910291395032
0.174998999999999 5.10842504274636
0.175098999999999 5.08548211347861
0.175198999999999 5.2959033099086
0.175298999999999 5.56375502460254
0.175398999999999 5.49934823011267
0.175498999999999 5.38490872715856
0.175598999999999 5.14658250936588
0.175698999999999 5.42002726049496
0.175798999999999 4.71345023512126
0.175898999999999 4.38861093215862
0.175998999999999 5.47007381783626
0.176098999999999 5.35683417150812
0.176199 5.18219826942293
0.176298999999999 5.06844137937035
0.176398999999999 4.8035050323753
0.176498999999999 5.18764668813874
0.176598999999999 5.29338240985036
0.176698999999999 4.90634660164578
0.176798999999999 4.88377876774847
0.176898999999999 5.11852530975109
0.176998999999999 5.08402562507267
0.177098999999999 5.01539050550185
0.177198999999999 5.30463161892353
0.177298999999999 5.0519299415364
0.177398999999999 5.01793401292942
0.177498999999999 4.62506604485926
0.177598999999999 5.21693868397089
0.177698999999999 5.04717840474295
0.177798999999999 5.12872076162575
0.177898999999999 4.62566454891028
0.177998999999999 4.96542843687056
0.178099 4.8498918540264
0.178198999999999 4.84622359198558
0.178298999999999 5.45523594799132
0.178398999999999 5.19360444889062
0.178498999999999 5.05580632629978
0.178598999999999 5.44919590360391
0.178698999999999 5.21889215304868
0.178798999999999 4.6568469775214
0.178898999999999 4.93213210557784
0.178998999999999 5.12713278932438
0.179098999999999 5.0355678297073
0.179198999999999 4.84367748993984
0.179298999999999 4.96275898928394
0.179398999999999 5.15930418304753
0.179498999999999 5.45023973133247
0.179598999999999 5.05649376270948
0.179698999999999 4.73966723318101
0.179798999999999 4.58979737409546
0.179898999999999 4.98599809533477
0.179998999999999 4.95907431415147
0.180098999999999 5.0722081664178
0.180198999999999 5.49597099154688
0.180298999999999 5.25480467535025
0.180398999999999 5.16532415302798
0.180498999999999 5.1542744209444
0.180598999999999 5.24081892454365
0.180698999999999 5.21459896431863
0.180798999999999 5.32423269664238
0.180898999999999 5.27259148865805
0.180998999999999 5.27417167075172
0.181098999999999 5.23964959484396
0.181198999999999 5.03739862990432
0.181298999999999 4.43537579018489
0.181398999999999 5.20973401360881
0.181498999999999 5.05619792608698
0.181598999999999 5.161904498393
0.181698999999999 5.21081110340708
0.181798999999999 5.25334228981361
0.181898999999999 5.38649058402552
0.181998999999999 5.12864342545739
0.182098999999999 5.26996910737942
0.182198999999999 4.60920254108569
0.182298999999999 4.69401898969999
0.182398999999999 4.89026034799851
0.182498999999999 4.94350425191134
0.182598999999999 4.87584556998117
0.182698999999999 5.11606337102641
0.182798999999999 5.2777805116946
0.182898999999999 5.30584975137334
0.182998999999999 5.32933744071476
0.183098999999999 4.88333648251649
0.183198999999999 4.9091371060749
0.183298999999999 4.97443699250534
0.183398999999999 4.96446468192432
0.183498999999999 5.12289028669652
0.183598999999999 4.71598302824507
0.183698999999999 4.70942727217703
0.183798999999999 4.97788684458504
0.183898999999999 5.15574241957211
0.183998999999999 5.2425238636254
0.184098999999999 5.41255448373156
0.184198999999999 5.48319810159398
0.184298999999999 5.53897259946772
0.184398999999999 5.04633116022265
0.184498999999999 5.1373948358486
0.184598999999999 4.80672500441189
0.184698999999999 4.92347357512989
0.184798999999999 4.63228451253006
0.184898999999999 4.93542096321889
0.184998999999999 4.51220325324558
0.185098999999999 4.71298190490197
0.185198999999999 5.07712828982313
0.185298999999999 5.03289112936703
0.185399 4.94244907742051
0.185498999999999 4.73818680069352
0.185598999999999 4.82748381172637
0.185698999999999 4.91926059546641
0.185798999999999 4.54822826645812
0.185898999999999 4.4262643980865
0.185998999999999 4.76592273477928
0.186098999999999 4.59582493724411
0.186198999999999 4.9659805610629
0.186298999999999 4.83696906344017
0.186398999999999 4.77425083750811
0.186498999999999 4.9938558908815
0.186598999999999 4.88531601943748
0.186698999999999 4.52145056176927
0.186798999999999 4.36615241886097
0.186898999999999 4.95369710912492
0.186998999999999 4.7207751791661
0.187098999999999 4.82218664038404
0.187198999999999 4.86117794355672
0.187299 4.8560124378369
0.187398999999999 4.84036753123527
0.187498999999999 4.48353114823535
0.187598999999999 4.88821272754523
0.187698999999999 4.74444356235637
0.187798999999999 4.90343319835898
0.187898999999999 4.33171380069106
0.187998999999999 4.95304263976736
0.188098999999999 4.99890986274673
0.188198999999999 4.52942934244614
0.188298999999999 4.26064966462468
0.188398999999999 4.72682537490991
0.188498999999999 4.57526218069984
0.188598999999999 4.27302676385693
0.188698999999999 4.80670401002152
0.188798999999999 5.26589531552457
0.188898999999999 4.98680744576994
0.188998999999999 4.54768037020655
0.189098999999999 4.52825903985937
0.189199 4.46205229920706
0.189298999999999 4.67672755759551
0.189398999999999 4.89025698897816
0.189498999999999 4.78755844446508
0.189598999999999 4.91852194048921
0.189698999999999 4.91672452210312
0.189798999999999 4.86229955755108
0.189898999999999 5.1947873255791
0.189998999999999 5.07127544823458
0.190098999999999 4.57650625842888
0.190198999999999 4.76696021879443
0.190298999999999 4.52025550632922
0.190398999999999 4.73967115816558
0.190498999999999 4.29722910727318
0.190598999999999 4.82368843197806
0.190698999999999 4.78135318937578
0.190798999999999 5.05736569477262
0.190898999999999 5.02755174153281
0.190998999999999 4.69019636353407
0.191098999999999 4.2988297866902
0.191198999999999 4.72038765114711
0.191298999999999 4.83038141563544
0.191398999999999 4.53699375993369
0.191498999999999 4.41499026062507
0.191598999999999 4.61982718920468
0.191698999999999 4.78947966959142
0.191798999999999 4.5406882058801
0.191898999999999 4.61151244770899
0.191998999999999 4.65156539816786
0.192098999999999 4.96029962999486
0.192198999999999 4.75381270131443
0.192298999999999 5.06291483495712
0.192398999999999 4.67491593196523
0.192498999999999 4.50001133565485
0.192598999999999 4.13771977429976
0.192698999999999 4.75848233221911
0.192798999999999 4.83201357351402
0.192898999999999 4.71098090440298
0.192999 4.64689911192765
0.193098999999999 4.90714370373107
0.193198999999999 4.89379419280005
0.193298999999999 4.60382225994591
0.193398999999999 4.57431836021696
0.193498999999999 4.91001061806372
0.193598999999999 4.68518082933643
0.193698999999999 4.80315886771941
0.193798999999999 4.6008098255881
0.193898999999999 4.64780731290735
0.193998999999999 4.77447762497405
0.194098999999999 4.7197737009104
0.194198999999999 4.77502936494928
0.194298999999999 4.6670775001872
0.194398999999999 4.56868928799373
0.194498999999999 4.28810517193259
0.194598999999999 4.980744983881
0.194698999999999 4.7628138806999
0.194798999999999 4.3027195265415
0.194898999999999 4.86048380090207
0.194998999999999 4.73498926055464
0.195098999999999 4.33606511438383
0.195198999999999 4.2233834365504
0.195298999999999 4.75628460672922
0.195398999999999 4.79167472064989
0.195498999999999 4.8099944264383
0.195598999999999 4.63929613153127
0.195698999999999 4.51248622765682
0.195798999999999 4.7310925440143
0.195898999999999 4.64177592875539
0.195998999999999 4.72507097659294
0.196098999999999 4.9145916428502
0.196198999999999 4.83285978951601
0.196298999999999 4.74436046275417
0.196398999999999 4.62016419565263
0.196498999999999 4.5063819684866
0.196598999999999 4.35099858959891
0.196698999999999 4.59792615961039
0.196798999999999 4.46481577025674
0.196898999999999 4.84086684330418
0.196998999999999 4.62910079123479
0.197098999999999 4.70817880371009
0.197198999999999 4.57877421035936
0.197298999999999 4.59963961139262
0.197398999999999 5.07306741310471
0.197498999999999 4.59258029221689
0.197598999999999 4.35257946669933
0.197698999999999 4.47220344229756
0.197798999999999 4.76421210995375
0.197898999999999 4.53839113849686
0.197998999999999 4.2987615113242
0.198098999999999 4.45467626486311
0.198198999999999 4.69796956447082
0.198298999999999 4.68818444788814
0.198398999999999 4.74821761845638
0.198498999999999 4.47908542102947
0.198598999999999 4.45762421946333
0.198698999999999 4.80256024021045
0.198798999999999 4.68778090426124
0.198898999999999 4.53637882673622
0.198998999999999 4.24771458440999
0.199098999999999 4.77472325250971
0.199198999999999 4.52160141118907
0.199298999999999 4.3066453209356
0.199398999999999 4.71843104869561
0.199498999999999 4.54093616098778
0.199598999999999 4.0477961709551
0.199698999999999 4.52327966132206
0.199798999999999 4.47713154201479
0.199898999999999 4.26581085145056
0.199998999999999 4.2458528716548
