box 200.000000 200.000000 200.000000
node 41.526110 32.300713 42.869339 -36.081989 0.992603 -35.088449
node 26.810475 32.551436 60.896680 24.980493 -9.085389 35.846995
node 17.281755 7.442046 113.778846 -37.545036 40.535580 -43.526641
node 9.586737 5.496398 163.649093 -43.971522 12.820434 1.529185
node 14.821686 62.749894 8.634823 -11.840250 -44.298638 9.243119
node 24.154190 67.324708 84.777778 30.541435 -21.381127 1.281426
node 22.870965 68.648446 138.565672 43.424325 11.381805 -28.685235
node 9.920681 78.198748 168.141432 -20.863226 4.521519 -28.753479
node 32.139675 107.227540 6.362287 -19.213339 -38.034896 36.051506
node 38.864238 120.827939 61.768611 -6.259292 -7.540368 20.588713
node 21.258947 143.072298 141.479401 40.627288 -13.859892 -18.878021
node 40.468031 113.401232 160.235062 1.846430 36.491647 -8.772279
node 13.630450 158.149579 42.322394 9.258440 -11.025704 14.843830
node 36.687611 168.339685 82.706355 -26.656589 41.284224 19.064921
node 11.676264 172.711087 130.319743 38.697045 2.639787 11.382698
node 32.232757 191.927901 161.113366 -8.485129 -16.877160 17.450906
node 90.627515 24.626839 37.232940 -15.620498 4.489123 -10.009410
node 90.873160 32.044803 88.135878 -35.092004 -19.869540 24.087255
node 63.642264 6.362485 122.462076 39.317734 -21.411993 6.277095
node 69.382122 6.073545 175.016768 29.431342 -21.691582 -40.870349
node 64.858864 81.429286 18.176388 14.354662 -43.829629 19.626107
node 70.644752 56.340210 71.240616 19.467687 37.920277 43.561417
node 94.336835 90.852244 139.628128 27.086487 4.948097 -7.301507
node 60.084900 81.184830 189.558596 -20.286141 30.614754 -38.632028
node 70.151683 115.726777 11.116847 11.789962 -16.526267 41.320067
node 74.946960 134.544341 55.510227 9.481787 6.880619 27.664094
node 81.198722 140.129136 141.094917 -31.299043 -27.667792 26.187808
node 57.428204 120.593088 166.998634 21.076192 -35.621167 26.331794
node 86.309158 176.295908 15.134094 -38.614087 11.322300 -42.778668
node 57.481700 160.184479 73.024563 15.510226 32.049975 -0.139912
node 56.951380 167.553294 130.665247 25.774798 -18.976456 -0.191879
node 87.737385 178.805132 176.456984 -15.221417 -7.947880 26.460562
node 118.728329 23.504269 19.712947 16.161356 6.100113 13.659916
node 124.644550 20.938329 74.099368 -39.007114 -8.007436 42.218276
node 136.228841 34.160716 135.626025 23.092272 30.894329 24.314116
node 144.146437 9.454378 170.843078 -0.714541 -21.771484 -41.673040
node 143.975253 84.057039 10.918593 -31.689490 18.434169 -10.710583
node 108.056458 71.433614 60.719622 26.902811 38.722335 -44.575247
node 131.001623 82.141298 115.144914 30.886282 -18.543710 -42.582565
node 108.732287 86.915399 183.456105 25.506611 11.153038 29.287391
node 106.400903 121.218999 14.986750 -1.719284 34.275521 -19.738366
node 128.965700 106.049046 61.207947 30.051978 -27.459597 29.680923
node 118.522994 131.844662 107.094653 21.087816 -0.046640 39.896994
node 116.590897 120.062417 159.550214 41.836564 -6.073959 -37.389312
node 133.667057 175.271495 18.123510 22.817173 30.240524 -22.165528
node 126.377001 172.406609 61.308166 9.043308 39.370568 -35.301728
node 140.999257 177.018600 122.094267 -31.285725 -22.720860 -4.736809
node 126.311338 169.186045 185.924592 34.351303 21.068288 -8.421101
node 179.167150 30.644202 10.098673 -0.342720 -17.057758 7.071702
node 192.744357 22.077584 56.325138 38.649049 38.248403 -12.752377
node 165.399565 36.474386 125.463290 5.627444 16.631439 -36.684306
node 189.903159 42.717515 158.863769 31.129425 36.845605 -43.979297
node 175.947308 81.013811 20.405814 13.437184 23.656813 6.811738
node 180.276766 66.128160 88.593457 -6.584854 11.846014 30.012028
node 165.807419 71.032029 127.170184 -5.052118 -36.865429 21.994318
node 156.304618 72.189702 156.490491 42.821798 2.010592 36.866698
node 170.329917 140.378089 15.200704 36.814486 35.510440 -9.133456
node 180.000800 127.703891 90.780475 -25.725078 -44.652676 34.252331
node 164.404865 114.794585 130.636681 -17.592797 29.305873 34.531984
node 192.814918 120.631814 187.052803 -30.859804 11.264886 17.908682
node 158.434757 176.247183 40.542661 -21.270059 -23.869303 30.569150
node 174.821601 161.094655 64.230726 14.215856 5.665354 -18.735414
node 179.892199 183.636216 116.229241 -7.895416 -12.401486 25.325282
node 160.419486 191.082781 166.585443 -0.039787 25.523135 15.935586
