box 200.000000 200.000000 200.000000
node 12.761210 32.035919 24.689847 -23.231493 23.384863 -18.816684
node 7.764215 -3.089021 44.988446 -5.676050 -17.613138 -18.822570
node 6.367319 34.134011 97.740943 -9.249457 -1.852281 5.849648
node 16.251442 7.459132 136.256272 -28.469187 32.549105 -42.063069
node 9.944987 26.616546 155.774658 -29.768583 40.698459 3.894321
node 6.723206 19.809559 199.952397 35.603687 -1.574404 -5.153402
node 9.136865 32.212551 26.818338 -33.124727 -12.967009 -9.371613
node 32.087516 30.849582 63.763229 -19.073642 -22.469141 -1.045833
node 25.828111 38.104644 71.984382 42.870106 8.391221 -17.603678
node 35.374782 65.838793 104.267686 -44.838061 19.058739 33.095411
node 1.398983 31.560919 153.927781 9.388216 1.478917 -44.324334
node 24.224001 67.840815 198.274792 -34.805119 -13.088759 -23.225685
node 19.079999 87.842418 8.699030 26.832754 26.607746 25.298304
node 10.710604 65.505227 58.348185 44.363560 -30.377116 -34.779030
node 33.181684 82.599613 97.405571 27.892242 -28.191641 -22.752013
node -1.165780 87.691792 127.755964 0.995768 -42.502492 44.134675
node 16.704264 76.613233 136.955326 11.307276 6.762135 22.588685
node 2.807419 77.604821 169.091365 31.554689 -14.591723 -20.232316
node -3.092894 128.743145 16.562998 3.405856 33.382127 20.055921
node 23.390104 103.819778 52.019814 41.388757 8.641950 27.771364
node 36.047961 132.103645 71.886813 -41.883294 -4.398859 -43.758490
node 15.615097 134.714550 106.624758 -10.221948 -6.170996 29.779784
node 29.652539 114.786611 145.222407 38.328169 21.675926 21.386977
node 34.543307 117.070655 195.008501 -4.304385 31.427884 -9.861225
node 26.201727 169.057542 17.598629 -6.307623 -26.355773 -15.893876
node 1.101475 145.008402 43.196159 -14.210535 28.540697 2.851678
node 17.511549 160.972388 68.143844 11.290514 -13.801618 -14.884255
node 19.651329 164.557506 104.609190 15.520587 36.164823 -27.075854
node 8.598033 149.860811 165.596169 0.127313 -20.070428 3.056236
node 19.636649 146.512176 163.923880 18.248832 0.607244 -10.686051
node -0.736072 177.676532 6.036716 -26.684635 28.240162 -9.590887
node -1.190326 178.335396 60.999767 -30.123214 37.099701 -16.271480
node 9.857853 171.502760 94.021923 -38.702417 40.503055 -30.761119
node 8.124501 190.818498 102.312660 1.087799 19.919423 38.596062
node 25.950821 193.327254 146.292784 -23.445747 1.876543 -25.283038
node 30.362183 189.850650 195.982745 26.448984 -2.780532 -17.142752
node 57.503170 36.140756 27.464022 29.662276 18.547629 8.580278
node 60.114965 16.535555 64.605306 -38.877508 42.169135 -36.111932
node 51.879083 12.785463 67.614940 20.174955 10.231411 25.467137
node 52.664823 29.119433 119.737701 39.962627 33.430693 0.684199
node 61.552927 15.587892 163.152068 -15.976657 42.853188 -19.961006
node 32.913232 26.715611 196.580878 38.010428 -15.567814 27.366234
node 51.530013 48.531795 29.496677 40.671586 -38.135440 18.780396
node 39.397058 45.955822 40.724977 29.926198 44.583643 13.477588
node 58.158113 67.292128 90.839435 6.151853 -10.723722 12.112154
node 44.529145 46.304778 111.414656 -2.844112 0.307246 36.948220
node 38.257241 43.544147 152.965025 -1.176080 -21.400291 7.163412
node 65.133108 32.438009 180.968392 -37.416780 5.691385 3.537952
node 60.722316 72.656944 20.161136 -3.692352 32.488337 14.475249
node 44.155167 77.220785 40.148724 40.727533 -18.161911 -30.743453
node 44.451882 92.998497 91.569334 18.080296 -44.439679 -11.308896
node 66.059825 76.067126 120.549984 -18.198434 -33.748706 -10.047990
node 62.707510 102.580362 164.479593 -37.456121 -14.605921 -23.748375
node 42.712216 102.711270 185.263369 22.432613 30.766656 -29.979926
node 66.123904 100.871632 26.470391 20.643474 19.572264 -32.991141
node 47.831560 117.018156 51.219612 32.374534 15.995242 27.525443
node 51.249715 134.902500 66.000411 3.736622 -19.650569 -1.718970
node 57.394551 104.997002 120.993106 -15.644144 34.276248 -32.994485
node 34.096312 135.031343 136.116080 -31.271573 -31.000267 -36.938754
node 48.176982 123.422494 196.585401 26.121162 19.143983 -2.466225
node 58.343526 168.322379 16.897689 -17.545220 26.083007 -23.725173
node 39.372113 148.587976 54.775472 10.379646 -33.963849 -33.858582
node 41.378360 159.429312 79.785657 29.608370 39.160270 -9.084001
node 32.088455 152.847444 126.573466 -16.178080 -0.635911 -25.051252
node 67.570950 149.292212 151.599843 -25.104861 -36.364950 -39.585113
node 62.780355 160.859132 171.161163 35.560634 16.587013 14.116183
node 69.615248 164.681005 13.636797 -0.901469 7.515402 -37.505723
node 56.406185 165.425542 52.273221 19.082272 -1.088044 10.584058
node 38.551103 189.159680 78.559025 -35.665844 -11.023963 -21.342527
node 39.651425 188.250295 117.583777 -7.808603 -25.398717 32.269826
node 64.440330 174.690894 154.615714 25.154055 40.936258 37.764292
node 45.392628 169.839054 195.203390 -34.756454 -30.705813 -12.975470
node 97.243676 19.977915 20.113773 38.325419 6.757044 -44.102034
node 95.708425 21.019001 49.196547 -20.840386 -21.771325 -1.709142
node 72.426993 -1.389241 70.103006 -21.739832 -27.188095 9.512376
node 96.281479 29.091265 128.756147 18.730204 32.344007 25.297607
node 71.485207 36.400397 133.744981 13.555669 -25.634113 -23.051421
node 76.920846 4.581160 183.606668 40.568218 -9.485350 7.601836
node 87.594823 58.585715 12.728121 32.282192 37.843648 22.575500
node 74.757002 61.872632 35.710633 0.409517 9.961916 18.341706
node 78.666931 59.147337 98.824721 -39.973651 -32.560529 32.675848
node 80.203193 46.452567 135.032320 22.522076 43.289740 -23.983577
node 67.182404 45.383288 150.010902 6.323028 42.896844 -0.643034
node 79.368648 69.799610 173.773254 14.879224 41.783095 15.403593
node 75.300328 84.578394 -3.274806 34.540993 -8.605453 -17.891497
node 101.356597 81.759261 41.505900 -37.383603 7.396320 -31.223817
node 66.257106 86.555924 74.813923 -12.427192 20.234222 32.248051
node 77.249961 101.803158 134.809429 -26.456636 24.142037 10.397869
node 100.090233 87.434824 158.085529 21.930746 -10.340795 -22.364659
node 64.803723 82.218248 189.136226 -19.892705 1.607482 -22.890003
node 75.233660 122.685630 32.322399 32.499582 -26.107643 -9.081548
node 98.848654 106.927787 68.672064 10.724162 -30.118881 29.357913
node 89.561057 118.524770 73.386505 -41.385925 -23.996213 -12.499836
node 88.671535 136.110591 104.952933 23.137555 34.769530 -2.499313
node 69.689874 129.103498 149.060310 -34.534122 33.814855 12.166774
node 67.224587 133.004245 164.733974 -41.422528 43.971110 16.756344
node 78.400901 150.172970 27.206494 -40.601268 20.333489 18.119525
node 81.688966 153.291792 43.563592 -29.643713 -9.072594 37.779948
node 72.375151 144.440268 76.315814 -37.477610 1.139898 29.957834
node 99.517873 158.943836 111.986500 -18.178465 17.254047 34.241123
node 100.315266 133.250111 149.306921 -33.456145 -22.237996 34.556538
node 71.184410 134.854146 185.081133 -16.684133 -10.616318 26.238534
node 96.900513 190.542789 13.343547 12.860083 -25.732669 10.554373
node 90.340979 187.374273 43.852380 -12.203877 -29.566703 26.582541
node 83.040010 177.518248 94.335781 -23.687567 31.035010 28.487427
node 97.182468 178.140807 111.995848 32.520127 -3.248173 6.349340
node 91.145606 201.770024 151.852519 12.291892 6.380324 38.440093
node 97.883956 170.126903 170.481295 -23.084607 22.660142 -27.077906
node 135.984287 25.052215 3.684112 32.246765 36.847033 41.549677
node 119.490655 19.181836 37.066448 1.231115 4.362472 -30.125030
node 116.422388 18.071357 71.285620 11.085202 -42.631615 -16.308813
node 117.986648 9.737616 120.754284 -12.426055 -32.857143 37.243215
node 122.289020 23.017632 157.013213 22.010194 30.795982 1.499145
node 102.741415 11.893238 196.174109 -29.577206 -15.302225 41.982479
node 128.918371 38.887517 36.657592 -39.263517 -6.706519 -8.609566
node 112.678382 34.476906 46.972431 10.219129 43.925516 -25.208930
node 110.829910 40.649675 74.993255 -28.044941 -42.942634 -4.553624
node 106.412274 64.749062 117.811097 37.272165 42.653716 7.688336
node 101.425682 67.061304 153.742431 34.525377 -6.797166 9.653165
node 99.497210 66.990897 189.016510 -35.595030 18.020257 -9.377610
node 100.062857 71.912488 6.618623 -24.601218 18.270395 22.873733
node 118.558132 85.472670 55.222912 43.691126 12.085038 9.041005
node 133.034145 86.166799 76.750130 41.142524 -5.406919 9.138833
node 125.477161 90.484467 105.177027 -37.653896 -20.296853 33.076655
node 119.040949 81.918444 147.212036 24.658733 13.852838 14.195634
node 103.107503 80.628406 183.536777 -11.220095 -1.766499 -14.182074
node 127.752524 112.024421 25.128924 -1.715993 20.626220 39.380332
node 117.356843 132.789417 38.727706 33.589741 -37.557636 -3.113693
node 97.543860 128.997889 70.501713 -30.114698 -28.655688 17.229291
node 105.217207 108.590861 127.400073 0.103509 36.851833 -39.793239
node 114.136744 119.556856 152.602686 29.143491 -33.651106 -17.989490
node 96.751548 134.710961 193.985308 22.617375 -32.502165 -13.561241
node 102.720289 149.868827 29.012757 11.958191 16.956135 12.561320
node 125.839536 164.393828 55.078215 -28.746776 6.597589 -30.279046
node 132.908736 133.093711 76.874719 7.255579 -2.228836 27.478844
node 117.897792 139.092413 125.046066 -31.623070 14.230456 12.058429
node 105.838917 137.289121 136.654100 -31.535362 -26.752734 40.946301
node 97.303000 168.300574 164.361025 42.399960 -18.216389 2.256577
node 131.160235 199.189529 4.227089 14.464760 39.710784 42.813641
node 100.984077 170.489302 59.862057 -40.547833 -38.584361 -0.978703
node 130.662420 203.214991 63.509038 3.834672 32.521336 36.822512
node 130.480689 198.488249 126.513956 -34.425956 0.812003 -29.805141
node 129.911127 200.453768 136.779377 34.536359 -10.092339 -10.568749
node 107.524784 198.048659 192.993432 -4.691454 18.867497 39.989815
node 136.964715 6.450518 22.303832 27.775126 31.803391 -9.169412
node 134.619752 -0.122095 44.418705 29.601499 -25.685126 26.193629
node 156.187533 -2.287475 94.764385 38.030674 -0.691818 30.061049
node 135.254147 27.058006 133.696114 29.943682 -21.653896 -25.828041
node 150.892591 12.560951 149.164391 44.451328 9.403061 40.041778
node 149.617689 14.184529 194.239556 21.965991 -5.138634 -40.229995
node 133.512874 61.919438 22.889962 -42.089800 5.136015 19.782140
node 134.416322 38.665895 62.440809 -32.520431 34.370928 38.120046
node 130.510223 45.086370 70.045801 3.620052 -35.850381 -41.465903
node 167.329164 68.863675 111.103787 12.978486 -38.884743 -26.287920
node 131.584154 48.774373 136.003869 44.217623 -6.564389 40.983489
node 158.969881 53.235668 184.943650 18.489707 -44.547401 25.426420
node 167.074383 63.665160 29.651800 24.060228 44.742321 -24.511224
node 166.781688 89.013306 34.212807 -20.865518 23.745939 27.495914
node 134.170120 82.123684 72.095809 38.043712 -16.170963 32.178943
node 140.393867 98.455851 104.197371 23.327445 -42.147963 12.810524
node 152.674837 78.389715 138.501935 26.294116 -31.910087 -0.977179
node 130.513830 70.797814 182.742552 30.440347 -32.304873 20.899529
node 157.642677 98.046371 16.220957 42.425137 -34.879376 21.889240
node 155.541655 120.433983 49.944901 6.106739 -6.614617 -38.138450
node 141.623466 119.120069 88.666672 38.769827 42.999224 -36.576311
node 156.469398 120.777583 115.619381 -12.936929 -2.197940 15.391982
node 168.385808 100.230037 161.909698 8.169817 37.097708 -35.898361
node 141.731786 98.730195 183.498461 24.153818 -19.531316 -24.717578
node 143.251586 148.130054 26.162052 0.889709 -10.573723 36.493490
node 168.610310 155.130694 35.281247 10.647160 -10.528191 44.207437
node 141.473091 158.247657 84.741569 -27.611007 17.049159 -40.459050
node 137.377365 131.826333 132.068327 30.581495 -34.366028 -8.062663
node 134.809144 152.883701 167.975605 -21.925336 44.087889 -13.517276
node 138.340895 156.633086 202.267122 11.042984 -39.281590 -11.384142
node 136.650061 172.584456 -1.244988 36.158069 26.396253 -11.428711
node 163.282188 193.486716 54.874524 -9.531614 -12.664983 -37.003279
node 143.667080 185.280157 81.755232 13.090714 1.216876 28.298382
node 133.887328 181.881876 120.259366 -28.154514 10.019713 -40.325222
node 153.029078 197.027121 149.989039 -5.487760 -31.584863 -42.454849
node 160.266792 195.177583 175.075557 -34.631393 -11.241753 29.600437
node 197.004397 23.276205 35.072266 39.880610 -34.857046 13.345870
node 182.565495 -0.672506 65.910849 -0.249288 24.417309 -39.567399
node 173.831632 22.709441 68.677490 12.469116 -10.355121 23.912831
node 189.449961 11.926229 108.667410 -14.387440 37.703388 -3.935987
node 181.033211 14.834099 167.811280 -25.279294 34.416252 -43.211212
node 177.003929 27.307764 177.045481 10.692576 -4.228095 -44.085366
node 187.296580 54.062734 22.643365 -14.155143 -0.603067 18.159655
node 198.845437 32.202314 33.934478 13.480451 23.766380 43.916305
node 168.346325 44.579087 90.382537 -11.181765 32.711264 -18.722092
node 168.672333 56.906021 104.770066 33.166368 22.604159 -7.255832
node 163.342576 35.978549 140.953372 33.518252 9.112603 -16.093039
node 174.705056 47.412632 199.483695 38.259508 0.476321 11.482363
node 192.103890 64.289849 19.663967 -40.811898 -6.972175 -2.903916
node 164.238453 65.936295 66.958253 3.072858 -11.988318 -12.244844
node 169.388280 69.317677 77.365417 -14.763051 25.562506 -1.193471
node 181.925254 68.583435 132.122326 15.710168 30.164367 14.083914
node 202.690012 102.524928 140.006121 11.211363 20.541818 -0.164672
node 197.326465 70.970061 168.299085 -44.748862 -31.234249 3.074474
node 183.758678 112.075302 9.090525 -44.680010 28.371820 12.457661
node 181.266909 106.430097 62.135403 29.157380 31.697158 -2.947342
node 202.161292 130.316427 66.475262 -23.616100 28.581379 -8.475416
node 181.985822 134.728115 135.266879 23.875638 6.708023 37.433252
node 183.150630 103.307162 143.039907 -18.320750 5.246864 -38.927088
node 166.092447 103.338050 201.230864 27.997958 18.941012 42.322101
node 203.270405 169.498192 2.670130 41.263092 2.741314 -38.332213
node 175.806169 165.806831 63.390732 -44.788612 12.618886 27.286432
node 173.138564 132.564889 73.859266 -35.755167 -1.465288 -7.300398
node 178.584894 165.470605 113.488967 -19.453692 -40.663697 -25.275062
node 172.900374 131.170339 158.092437 -44.312800 9.982861 -8.271942
node 173.291200 156.098389 176.144417 -35.669509 3.200841 -30.161678
node 198.670881 189.991614 30.576366 23.639496 27.631240 11.965720
node 191.750426 190.879875 42.837914 2.848365 33.587456 -40.091429
node 183.349364 180.643862 99.504633 11.716502 43.473260 7.668031
node 196.958794 182.085885 118.475560 -28.880629 12.101553 41.666290
node 184.693883 182.517903 161.746643 -36.655765 34.271959 -44.651382
node 183.794497 190.471879 185.963239 -1.938722 -16.153844 9.142182
