box 200.000000 200.000000 200.000000
node 15.752181 29.303644 34.408367 -7.488048 14.117390 11.517602
node 25.012697 30.599380 80.619485 43.565735 -29.954843 -35.440529
node 28.229723 21.258069 166.254172 -14.445593 40.646742 37.829884
node 15.440413 109.514324 24.098110 -6.944795 4.308381 39.846329
node 30.043098 119.322099 92.058198 18.098888 14.970497 3.521382
node 41.257554 106.661117 153.791965 -33.478704 44.917236 -29.599104
node 14.637366 169.114658 48.607993 15.225777 -27.861006 -11.797511
node 31.762371 185.932185 86.256198 31.997053 13.028808 -11.135501
node 20.970281 163.796786 165.947549 -34.144955 8.055674 -24.643109
node 95.384765 36.652789 23.405578 -18.860340 10.538180 -21.124718
node 112.975051 52.639869 109.209952 -14.051070 7.566240 -35.300789
node 116.252326 48.519482 179.377089 -21.534480 8.492063 -42.973867
node 97.010373 92.508755 19.792723 -28.911043 -6.940288 -36.519360
node 103.940947 98.836970 107.837973 17.989906 12.467768 -41.975655
node 82.752244 92.783989 167.901238 13.900114 -8.314272 28.798310
node 108.734358 185.412640 34.586690 -15.736889 -35.493372 9.986279
node 111.152090 163.604783 83.632931 -21.017566 -31.170895 -19.709523
node 97.603406 167.752376 164.963641 33.783444 1.624690 39.926036
node 172.175031 51.641091 22.961615 15.851007 -18.984189 15.462735
node 174.472287 16.053044 90.191606 -24.836397 15.104945 30.995294
node 160.445163 44.554119 173.679949 -44.395622 9.195344 -10.190592
node 183.306316 80.046042 31.831300 -6.808586 -3.517527 24.314376
node 159.565539 111.389572 98.854286 -41.781354 -29.171303 19.958223
node 165.606106 86.108848 160.311651 9.665029 -27.742927 21.458416
node 156.380651 183.363640 24.095797 23.895001 -28.020422 -19.125164
node 150.311205 169.715042 107.334530 4.193380 -6.684404 12.999850
node 172.571372 173.827337 172.098135 40.065670 -26.195857 18.835353
