box 200.000000 200.000000 200.000000
node 25.088947 28.731677 -2.420527 37.203827 11.912332 -36.221364
node 3.639929 14.375261 55.800273 41.839968 -30.814823 42.353350
node 30.786678 11.915026 74.511219 -32.230230 -7.041485 37.416197
node 24.188293 30.879697 93.729628 -41.785949 31.421638 39.059392
node 19.649406 22.809605 122.225299 -9.699568 13.993010 -29.593198
node 20.741844 -6.226686 128.576919 -40.844575 -36.258140 29.111205
node 20.293145 5.183979 180.508882 -41.899853 -5.513008 -10.659739
node 23.120672 24.307996 174.974904 -0.921204 -4.897242 13.168171
node 20.874593 47.687467 3.541003 16.173241 13.958820 -30.364944
node -2.740093 37.434562 55.889758 -14.365285 7.674098 -24.856925
node 22.550682 27.703805 62.738282 17.916905 35.181293 41.336228
node 14.388621 23.044978 73.471760 -21.824257 30.664553 -22.114604
node 25.071393 27.240999 129.670545 -13.501461 -27.306427 -22.402453
node 17.141787 36.431554 131.566380 29.774577 7.673768 4.475125
node 29.187747 28.933561 172.788009 22.835618 -10.759874 6.103948
node -4.465828 19.658005 188.731902 25.125051 39.060962 -33.308441
node 15.252946 61.275626 -7.023917 -14.658962 -30.403592 26.485609
node 4.948602 63.641325 24.125949 9.178375 -21.332584 13.867119
node 20.068580 72.426064 60.521664 -37.456076 -24.392073 37.200363
node -1.404879 75.532679 89.033697 44.652124 -37.964202 -5.158956
node -3.233889 80.975923 92.685369 24.741942 28.557290 33.182523
node -4.122566 58.491306 127.894816 27.006163 -6.172756 36.958283
node -0.226119 53.052117 148.321559 -32.753830 33.236299 7.173413
node 14.494408 48.298192 201.621245 10.984962 -13.414286 1.192459
node 8.572321 70.538668 2.096646 -33.901296 -28.448299 -23.404273
node 9.190683 69.486177 53.608644 40.030847 -0.822232 -0.967263
node 6.008776 103.502154 57.269871 -34.991752 25.222686 -9.923505
node 2.167651 83.656486 71.358181 -33.122404 39.784553 41.052109
node 15.508344 69.891182 101.891197 -13.215729 28.907464 -43.613691
node -5.779048 74.259601 143.464619 20.855015 13.297137 -4.416866
node 14.380356 79.352832 172.287712 -27.994049 16.809789 -28.483996
node 7.239384 92.524742 198.709097 -37.698681 38.644737 24.814141
node 11.971665 109.934344 10.371350 -17.428548 0.765779 0.969441
node 25.205108 124.293257 43.272725 -10.925156 28.042241 2.954303
node 6.529084 130.060062 77.537712 4.514071 11.022758 7.834023
node 0.809692 104.549853 86.336934 -24.256066 30.987791 -27.471214
node 1.536871 99.328322 101.606572 -5.787118 -17.000794 38.104168
node 9.708296 99.892653 153.695239 43.177354 -5.501702 -34.999270
node 2.822588 108.848794 166.295843 -21.400943 9.255878 19.009420
node 1.369869 97.196706 179.367035 -16.309953 -6.824992 0.707246
node -4.079368 127.999289 24.540585 -42.370175 38.596873 20.729778
node 12.044359 140.641002 26.991343 -3.703605 41.677969 4.212515
node 13.345433 126.763775 62.055910 11.165408 16.122199 -9.403631
node 7.197466 157.019280 69.009555 34.665121 37.195814 26.656549
node -3.551509 127.974847 105.914274 16.175516 -32.710218 19.910475
node -3.229526 143.650294 137.266957 25.114655 19.353337 36.334850
node 28.136900 130.866522 170.449833 -27.197116 -42.251315 21.966683
node 12.500897 136.696886 203.688890 9.887998 10.589975 32.349808
node 24.719577 165.568861 -0.183101 -23.406119 34.786074 -42.419326
node 12.096056 149.217086 56.647226 19.142502 0.042446 -2.602046
node -5.115245 169.778876 44.197246 -38.569908 1.948486 -36.294298
node 25.225942 175.201884 96.397584 -31.512110 14.364473 1.673545
node 31.418982 168.459660 124.513223 -4.158206 -6.084765 29.278242
node -4.161207 147.826840 124.435545 -9.815598 29.824177 27.302795
node -5.081153 158.470311 163.575033 -7.488048 14.117390 11.517602
node 4.179363 159.766047 168.119485 43.565735 -29.954843 -35.440529
node 7.396390 175.424736 12.087506 -14.445593 40.646742 37.829884
node -5.392920 197.014324 28.264777 -6.944795 4.308381 39.846329
node 9.209764 206.822099 54.558198 18.098888 14.970497 3.521382
node 20.424221 194.161117 74.625298 -33.478704 44.917236 -29.599104
node -6.195967 189.947992 127.774660 15.225777 -27.861006 -11.797511
node 10.929037 206.765518 123.756198 31.997053 13.028808 -11.135501
node 0.136948 184.630120 161.780882 -34.144955 8.055674 -24.643109
node 7.884765 190.819455 177.572245 -18.860340 10.538180 -21.124718
node 50.475051 31.806536 21.709952 -14.051070 7.566240 -35.300789
node 53.752326 27.686149 50.210422 -21.534480 8.492063 -42.973867
node 34.510373 5.008755 48.959390 -28.911043 -6.940288 -36.519360
node 41.440947 11.336970 95.337973 17.989906 12.467768 -41.975655
node 20.252244 5.283989 113.734571 13.900114 -8.314272 28.798310
node 46.234358 31.245973 138.753356 -15.736889 -35.493372 9.986279
node 48.652090 9.438117 146.132931 -21.017566 -31.170895 -19.709523
node 35.103406 13.585710 185.796975 33.783444 1.624690 39.926036
node 43.008364 55.807758 2.128281 15.851007 -18.984189 15.462735
node 45.305620 20.219711 27.691606 -24.836397 15.104945 30.995294
node 31.278496 48.720786 69.513283 -44.395622 9.195344 -10.190592
node 54.139650 17.546042 85.997966 -6.808586 -3.517527 24.314376
node 30.398872 48.889572 111.354286 -41.781354 -29.171303 19.958223
node 36.439440 23.608848 131.144984 9.665029 -27.742927 21.458416
node 27.213984 54.196974 153.262463 23.895001 -28.020422 -19.125164
node 21.144539 40.548375 194.834530 4.193380 -6.684404 12.999850
node 43.404705 69.660670 17.931468 40.065670 -26.195857 18.835353
node 26.949223 47.275850 41.792158 -4.487607 -3.714706 14.575028
node 48.311421 56.508721 68.980384 -7.545727 30.773624 29.962514
node 27.757640 67.038429 90.789967 3.666540 33.294693 -21.169888
node 30.222963 47.268582 130.093179 13.099669 -1.848310 12.538526
node 39.288644 68.392459 139.255437 19.894196 2.024578 44.433416
node 26.247065 46.731931 146.887899 -39.276777 -8.587800 -4.646438
node 32.132647 73.040186 192.615855 24.478235 38.956821 42.546677
node 25.181134 73.054968 20.350653 -36.556198 2.286396 2.730980
node 51.945592 86.894133 33.238254 15.428803 21.713215 1.804722
node 31.408507 73.499890 65.943683 -21.406921 -40.999132 22.943994
node 27.211414 85.196093 95.011843 -12.669461 21.270607 -9.476327
node 44.836635 95.661897 110.192217 -43.238014 -15.222791 -6.812145
node 28.310817 75.382152 150.368847 -6.307073 34.899386 -9.793530
node 48.264575 83.371661 174.840564 22.956939 -11.034401 -25.558298
node 49.116289 105.472156 180.602617 15.413793 -5.521952 30.015054
node 48.254170 99.190142 26.979219 44.088494 1.298111 34.585292
node 41.021042 98.690094 25.494513 -8.374065 22.383515 29.302543
node 49.098521 105.240970 63.862565 -36.904439 -34.946483 -32.733671
node 44.646092 112.307081 75.088416 -0.449476 -31.715260 -40.052327
node 51.528507 114.922381 129.684355 17.700048 7.451187 28.385749
node 52.660556 132.056465 117.520895 32.889473 10.130982 44.095519
node 38.607203 111.680935 174.553904 -24.494136 -0.171514 36.076724
node 40.486449 126.307127 197.045612 7.738833 -22.793893 14.977460
node 20.839313 142.538391 18.937782 20.677667 35.167690 43.407290
node 48.261163 140.757860 54.632522 7.208133 -43.471536 -34.122639
node 52.008429 136.871860 76.294227 -26.153542 4.706221 11.689505
node 18.779641 142.088537 81.996458 -40.542068 -0.938701 -27.674064
node 22.423350 125.719767 98.360596 -27.983504 -41.161283 12.167813
node 28.774674 139.043867 145.306522 -0.079559 3.222095 -4.933515
node 22.457291 137.114292 176.619926 33.653467 -20.673510 -26.238478
node 40.099183 143.112473 184.181158 -26.462204 40.313981 -37.613591
node 21.728377 148.181645 -0.841582 10.886278 6.633879 -40.312990
node 54.748055 171.646467 47.013666 -39.293595 32.439651 39.096461
node 56.875932 176.857553 73.922360 1.203968 -29.015779 -9.126945
node 22.857250 143.735582 105.065668 -17.882454 -18.401955 -15.035735
node 36.182727 168.427936 93.509127 30.798595 5.312929 31.868995
node 31.415168 160.341066 119.669579 -29.060322 14.652726 -15.225390
node 53.439446 147.226208 182.036717 3.598389 18.622568 44.954246
node 29.013974 159.080902 186.093598 23.756137 28.638364 -35.980061
node 24.624678 181.885397 -5.231812 1.969711 -14.773592 -29.189787
node 25.857867 203.706142 44.515647 -2.837862 37.091923 -35.638958
node 47.321843 196.950698 64.974457 -28.422531 8.749022 -18.005671
node 22.864917 176.004061 103.297667 -38.569247 -23.176210 -40.162105
node 35.168882 168.031328 128.387654 -27.300763 -36.596653 -17.336979
node 35.742307 171.566776 157.315589 -15.111645 -18.238787 -39.415930
node 29.429759 169.354051 162.717126 23.528330 11.796300 -36.909751
node 20.734497 198.589621 203.705390 3.039476 -35.176121 29.322797
node 56.023909 4.258922 22.352537 -44.069704 -40.639739 15.112451
node 66.638719 13.544099 46.688378 18.652814 25.323935 -19.082072
node 70.201279 14.766793 58.360832 -39.456840 25.215798 -14.617452
node 66.814636 22.150162 71.692530 -33.490046 4.458610 -1.329353
node 78.119027 24.458411 121.873643 -40.380130 -38.440323 -37.032529
node 74.434035 30.220326 144.848623 -33.112534 20.045209 -35.068187
node 47.199714 18.128717 155.652569 13.843082 22.421832 7.486716
node 72.101293 1.893077 196.898302 42.353867 33.023726 -37.238892
node 57.157465 32.267952 19.901139 8.814747 26.042755 -11.911237
node 50.741114 20.966662 48.377357 -26.489293 -10.055553 4.660068
node 51.658130 43.177625 61.879215 -31.333903 25.373877 -35.945431
node 54.262653 26.994921 88.734890 -36.765114 -8.521612 -35.563838
node 46.991358 48.877116 104.162813 9.318009 41.798040 -6.076351
node 70.290088 47.823971 134.805693 13.994824 -35.122045 39.038386
node 49.998432 28.147154 174.413210 -1.115660 24.206244 -9.359393
node 53.417552 18.989385 194.431797 -6.339199 -4.343469 9.887145
node 44.876132 55.132458 23.408885 17.678969 -33.720104 -33.286369
node 46.194094 42.812812 34.424375 14.001586 20.063027 2.808836
node 46.852718 67.770655 47.559995 -32.912703 -36.126532 -32.217548
node 49.230052 50.349957 80.199191 -16.521390 -25.419302 -22.406234
node 78.216896 70.628929 114.729518 -28.400970 -25.917224 -38.038787
node 79.052016 70.768609 139.811559 -16.791391 -30.041679 11.024753
node 82.017389 49.317281 152.811690 -9.288061 -38.340471 16.568646
node 58.595533 81.813408 183.587359 10.860475 -31.106718 -10.678932
node 48.945359 97.824497 27.344445 -13.430093 16.698214 -18.526623
node 63.725172 100.796935 41.399608 -14.821980 -18.069748 -4.266671
node 59.405826 81.884253 64.832768 21.829083 -6.809869 -6.357979
node 47.494910 68.477361 79.107411 -16.423148 13.832112 41.124233
node 79.929235 85.815453 102.119136 23.750815 23.339464 21.658326
node 72.247534 71.736817 144.762417 -3.306548 -25.905312 -36.133314
node 75.442979 74.500389 149.042796 14.938849 35.495044 1.490239
node 70.608092 73.643615 205.638283 3.679567 16.176051 -41.709328
node 74.868154 122.444755 -2.692519 2.254065 -15.674973 4.180450
node 58.455230 109.103735 24.729510 -22.015193 -43.151780 38.130805
node 68.647996 129.804543 49.040495 37.898753 26.519210 6.965478
node 60.101424 102.804549 97.577856 -24.419747 -39.223162 24.059656
node 69.348087 121.108501 118.182433 -7.285654 -9.831413 28.452609
node 55.197115 125.081591 149.062941 31.703750 0.507296 12.209525
node 80.535777 110.258566 144.900753 33.007491 11.806986 -13.043371
node 82.380131 101.466860 193.598043 9.449158 -10.147911 -32.203156
node 43.505399 134.344490 -0.135988 20.319774 -11.667358 30.740408
node 71.869188 140.341035 24.574202 41.164562 -21.121017 38.212281
node 51.450816 132.442552 46.000014 12.610489 -28.744480 -40.945400
node 71.426939 131.397506 93.924673 -10.451826 11.461185 -43.051517
node 78.922800 149.522346 122.333899 28.180153 -10.502431 10.555131
node 65.519794 138.702068 128.502790 -22.623394 -4.352511 -24.505846
node 74.677983 156.944170 143.699678 3.209777 -37.163050 27.188230
node 82.065796 120.177850 205.075934 -43.364022 16.545475 25.536283
node 63.865503 177.914378 28.460196 11.334386 -32.591791 -25.397857
node 49.785643 144.172795 21.777666 10.479914 39.569491 -13.098984
node 58.925164 181.873977 80.323168 15.898021 43.947204 24.014825
node 55.967971 168.995274 77.266611 -18.404347 16.216053 2.506215
node 58.963741 166.605529 122.520802 7.517986 4.661326 7.521356
node 62.972797 145.803709 146.282805 44.654050 -13.091913 42.413293
node 56.357950 177.961754 160.687795 -7.791544 -25.404114 -33.691087
node 54.856584 171.544177 198.814883 17.440885 -44.117797 30.889200
node 79.393280 198.338169 -5.793606 -10.963248 18.390566 20.656174
node 51.471083 178.262189 44.421247 -2.025702 11.134477 -23.719956
node 49.584950 200.685735 73.176867 39.103045 -35.289999 -28.599524
node 46.463811 187.090552 75.229813 35.630242 -36.081932 -41.025099
node 64.791806 198.399803 104.977602 -28.891577 -14.493989 -26.086893
node 62.906101 203.754573 142.656958 -35.861950 -9.823072 -40.084505
node 62.551317 184.768847 182.402414 28.044232 -1.291350 35.500298
node 48.001864 183.100197 204.594249 37.574445 19.221661 10.650365
node 81.231516 29.941093 -2.509038 20.752683 13.182969 29.983679
node 83.431289 22.492888 50.908820 -15.978564 4.703546 43.121622
node 89.472341 5.716944 67.278862 -12.542709 23.085859 -7.748933
node 87.193804 20.289729 106.409355 -15.502054 30.402286 21.516500
node 105.666978 -6.223095 106.774759 14.638845 -19.664860 -24.265524
node 95.945142 17.482917 141.124346 14.439417 -40.720079 -13.609367
node 85.553623 2.136200 171.101801 32.056406 -19.664307 20.794575
node 73.010516 25.968911 173.044069 7.938845 -12.045888 27.608359
node 87.651231 37.083774 27.581949 -13.217237 -4.550080 41.717726
node 69.191912 56.418333 25.068274 15.040827 7.779565 15.760117
node 81.940882 42.311137 74.946035 -43.266827 -37.451384 42.732150
node 93.553981 26.749513 83.639646 -34.018153 -20.840506 -21.793845
node 80.766610 23.589361 106.420306 -34.050739 34.573775 -36.514945
node 104.701625 33.460799 119.396058 -14.186385 21.236954 26.521394
node 89.296236 44.948939 178.245308 -40.068739 -17.670476 -40.842760
node 75.319071 46.306632 196.370131 34.001916 7.418967 -38.638410
node 104.409783 74.514884 3.937874 3.929691 43.629861 19.411026
node 101.058784 59.830422 36.324989 5.464207 -20.781761 22.411662
node 87.655511 68.372387 54.809823 -32.514783 -2.198436 -12.378665
node 99.024537 73.711833 94.240489 -32.984653 -43.059970 5.385664
node 79.532761 80.076389 131.736145 -19.204165 27.073826 35.650022
node 91.401063 77.860669 155.249262 4.424228 20.554814 6.908247
node 68.534299 60.361239 168.352078 1.908266 -11.491861 39.342120
node 100.681313 76.463419 182.401370 8.386612 33.529731 39.015145
node 94.238571 75.771058 18.654024 -38.515360 -8.394578 15.023838
node 104.849026 99.938001 36.881931 23.107429 -7.465729 42.460739
node 107.018988 102.065901 58.055351 -4.073235 -22.798152 25.598078
node 102.813504 104.048467 89.831397 8.898129 -31.601095 35.974214
node 85.515743 75.726894 128.486040 23.632699 34.423768 -19.354480
node 94.429039 94.071196 122.412600 -8.341342 -20.224174 19.500277
node 78.835375 103.347954 175.563156 -9.897614 -0.188735 17.532467
node 100.874760 91.885188 190.489486 -15.656205 -3.921786 19.241602
node 102.876202 121.334227 -6.755489 15.729882 -5.534206 -5.596184
node 72.181473 125.087268 30.494218 -22.839470 -14.155810 -11.187707
node 89.362152 114.976806 58.332889 -9.168221 1.383050 14.177749
node 105.536608 121.393941 83.503190 29.868421 -32.909549 -39.557991
node 70.869882 99.055933 105.468797 -17.844590 -43.948711 3.591458
node 71.314908 98.360594 142.745648 32.338837 42.679947 6.375458
node 107.374009 114.641663 163.118338 -15.238614 -6.299838 -0.737437
node 70.341483 128.009569 170.085344 -5.743354 29.396656 -9.491878
node 92.038995 150.245629 27.949402 38.800046 -27.829382 -21.727597
node 103.414627 141.234474 37.653603 10.152863 28.748002 2.870025
node 75.583004 135.655739 59.616437 41.944747 10.804955 17.585096
node 96.306584 131.375808 88.179617 5.102517 -30.915430 5.585044
node 95.292132 134.558221 125.950817 20.824836 -12.597206 -4.120887
node 82.955596 148.522186 146.870844 -6.274994 17.437732 40.069214
node 98.869304 145.722874 146.873370 -9.906241 8.181426 -3.655796
node 69.513599 126.647503 200.867562 -43.591978 32.733978 -37.973785
node 94.261704 162.508453 1.219752 6.445415 -34.002976 15.404961
node 91.483422 144.739046 19.753721 -31.274943 -43.234104 -5.834201
node 100.788859 167.195607 63.305177 32.748140 -36.207187 36.724698
node 71.820668 163.179870 73.226241 5.343352 -44.587834 24.001380
node 101.448369 179.172851 131.978731 0.461979 -20.572054 -35.932454
node 87.813953 165.924365 148.015484 -37.533362 14.543657 1.528111
node 74.341921 180.042315 166.119327 -5.342879 39.772704 14.032244
node 85.577828 176.087897 188.804940 4.849836 16.205898 -11.952909
node 77.071624 190.656940 27.175482 -8.390092 -34.864637 -5.053875
node 79.507376 183.555474 50.834543 -8.673420 -9.884166 -12.559600
node 73.110214 177.905208 45.972604 -6.354240 -21.844549 -18.220015
node 84.494336 172.268290 87.302677 18.576650 -23.078396 25.656307
node 70.463583 183.255337 92.635765 -25.139080 -44.882949 -27.973830
node 73.199362 178.223040 124.495683 -32.521593 8.899705 36.095212
node 105.075191 176.347378 161.806855 -11.159000 2.140203 -21.161467
node 70.234289 184.953083 174.454121 -42.650360 40.921045 -6.246313
node 130.962343 22.996579 -7.206054 16.203478 18.535568 13.061591
node 114.592394 1.224349 48.394649 -24.477451 -11.622175 35.183594
node 126.755076 8.597342 55.220765 9.777189 36.917570 36.818837
node 116.163776 5.802856 101.622545 -5.184190 36.391993 -42.013853
node 113.797059 21.159894 99.672074 -14.712037 -28.105835 -16.026554
node 108.654268 14.442652 119.449544 4.745892 -20.266974 -23.264843
node 102.225807 -1.333622 180.756654 39.209524 28.684299 20.543566
node 99.532469 6.914839 175.051599 -44.892144 -16.522244 17.965529
node 117.510207 39.222487 10.061488 -19.131546 0.149320 23.539157
node 122.996322 40.542236 47.406514 13.098106 -33.910243 0.395807
node 106.390453 21.185907 48.413979 -27.164727 15.504321 -6.163994
node 120.276156 27.771383 67.890346 2.905476 -19.854723 40.160714
node 128.757731 33.207383 93.494209 15.429312 30.345357 42.434967
node 94.777315 35.512953 140.798812 16.797403 19.748948 13.503668
node 121.576582 32.453907 165.763283 -34.549334 -39.811107 43.178870
node 103.892949 41.298972 205.986441 -28.279956 -27.626417 -14.252031
node 129.815916 58.126701 3.428668 -31.324763 -9.260204 -11.274978
node 97.744588 59.901629 21.160527 10.316426 -44.011882 6.593434
node 124.089194 51.914671 60.420789 6.242236 -39.473870 -0.334000
node 118.192609 51.350629 100.982258 42.396771 31.173560 0.539951
node 103.655024 72.364689 101.977215 41.161075 10.823403 9.023593
node 99.404180 46.113870 127.710488 32.271348 36.996035 17.967039
node 121.507294 51.695443 165.542138 27.956529 -8.654097 43.959534
node 96.099953 55.337641 187.956358 -39.545427 20.311913 5.090017
node 113.674396 100.699297 26.850361 26.012603 -16.395025 -4.301329
node 122.589119 71.894468 21.889695 -20.710470 2.217361 42.538597
node 120.916347 79.974398 54.158285 31.532160 37.048268 12.534853
node 102.714812 71.046634 101.030224 7.624676 40.329786 -39.507396
node 115.885652 78.904323 125.609287 -27.811220 -5.172303 -9.592964
node 125.562959 94.574844 125.804121 -16.370575 -32.957011 15.431660
node 115.339643 74.290683 148.406231 -2.152825 36.729217 4.695752
node 93.817596 69.654517 199.702529 -4.376263 -10.561839 26.067933
node 107.071475 113.793997 20.966268 33.432887 -15.417935 13.510622
node 131.493446 95.538694 40.980767 -7.750215 -17.177722 -21.254936
node 122.850651 132.308639 49.962858 25.303074 -27.378182 44.312308
node 124.590463 109.469068 96.654555 -0.148178 27.809124 -12.914196
node 95.429737 116.139658 128.907513 -27.561066 -6.086899 22.424376
node 94.067379 130.353000 148.046933 5.293850 -28.454135 -0.184607
node 113.213824 132.269720 176.694067 41.616355 16.104691 -8.684875
node 129.899163 111.679382 176.771664 -9.333878 18.456973 5.270313
node 122.765228 157.319242 30.997256 3.156039 41.748312 -34.593671
node 94.557932 129.673958 40.707673 2.786801 36.108728 3.649538
node 109.779224 139.206679 70.996592 -43.499276 27.082879 -32.174161
node 111.638979 127.773414 82.263668 14.558842 -29.735207 -19.909438
node 100.428872 125.302861 105.573586 34.230407 -2.600832 -8.642757
node 99.669259 156.257000 133.798230 31.003866 10.379259 -11.105003
node 127.587270 148.894097 161.098171 28.257923 35.859972 -6.368531
node 105.873177 141.365884 203.579632 18.185980 -11.029041 21.146033
node 130.664111 164.212525 14.104233 -17.000132 -38.588889 -28.621758
node 96.219557 161.039570 17.873300 37.352332 12.846757 -44.872285
node 93.715411 150.838809 60.698646 -33.546057 -44.221708 20.437164
node 106.664659 173.717838 84.966266 -5.710070 -40.570814 -40.533129
node 96.144007 166.261481 102.143362 30.723219 32.149149 41.725098
node 112.055991 151.312404 126.548346 3.310902 23.589874 -13.718956
node 110.949270 168.072950 179.193442 -30.458468 19.407186 6.996499
node 109.831959 177.869711 183.222070 -28.892236 12.000022 11.160050
node 105.617664 199.618613 32.479114 43.288034 -33.566675 -24.098387
node 93.445299 191.797304 21.932373 -8.328644 34.566913 4.331950
node 107.260123 175.833839 60.137731 41.057654 -33.837668 -2.631308
node 126.775853 169.235619 95.165006 43.108692 -19.505889 -32.959755
node 119.911187 203.878182 116.934759 35.998452 -27.590962 22.898212
node 106.350429 184.245017 123.728793 28.710053 11.243118 21.470438
node 124.704497 170.188906 180.531613 -0.218069 22.963131 21.816456
node 125.745183 173.760074 185.792349 10.629045 38.896502 30.157941
node 153.316941 15.800741 15.809872 31.943335 -41.862087 34.687809
node 133.809232 -6.044719 47.345918 -31.065411 -32.048250 9.536315
node 127.679234 5.466168 58.571637 -8.426401 -10.242798 9.882164
node 124.175629 0.023683 71.285155 -15.913235 24.263724 -23.929380
node 147.114619 20.212737 125.463129 29.517979 -18.596886 -17.156768
node 138.421192 5.511960 150.773700 27.926531 5.129844 -21.333237
node 144.722648 1.846126 160.757015 -10.388979 3.474129 44.253335
node 147.708816 31.718194 176.891306 2.570318 -40.370755 23.118792
node 141.579191 51.786748 32.031086 38.653603 -8.143656 -44.969268
node 139.135133 25.809225 26.271344 -15.677436 -36.364553 22.278030
node 147.440358 39.231977 56.025293 29.910030 4.731496 41.178881
node 153.213333 31.760145 89.356076 -13.798642 11.052251 26.696222
node 147.334996 22.521449 125.395760 -42.736455 -7.701401 20.826672
node 148.754960 32.191437 147.294714 35.304047 -23.165695 -33.336272
node 126.502715 31.500557 153.983385 38.473921 -40.381762 8.340008
node 124.015956 51.036231 174.202437 0.198055 44.939653 -13.013356
node 119.383108 51.046423 8.413565 -14.969864 -24.335772 39.250816
node 144.827551 80.984552 35.018927 39.630299 -44.474911 9.927633
node 149.543030 51.819261 79.798747 23.693650 29.380459 6.611723
node 149.203267 55.661648 76.438479 -16.885229 7.607113 29.692273
node 129.118500 58.602176 126.982292 10.326560 44.206901 -26.667101
node 150.588363 69.534465 127.457979 -2.179294 -9.083230 8.949442
node 149.520911 46.702751 175.357688 30.697770 -13.094438 -6.293748
node 140.389569 70.532989 197.198790 23.209574 -9.978411 -6.362776
node 155.753786 90.418855 26.488882 -20.128922 11.009125 7.952552
node 156.038739 70.936108 37.519956 1.943071 -36.885060 36.419983
node 152.875558 85.059587 73.768905 -31.638148 10.783433 -21.543869
node 135.326248 101.259980 75.348197 -17.653354 -1.503489 -14.596916
node 149.439433 106.999503 98.861902 -23.680820 18.201297 -11.207550
node 156.448196 106.392222 143.247922 32.408899 -8.830494 11.873772
node 156.909466 89.879096 179.843677 19.830889 -1.436533 12.512798
node 153.005475 75.449470 183.314651 44.295777 -8.788354 14.297083
node 153.553925 132.315271 18.626531 -35.240721 -41.749737 10.628212
node 140.185774 130.978586 47.344219 14.626449 2.098199 -21.609515
node 155.979751 114.108162 43.710807 17.668302 1.774454 -39.687250
node 153.101449 105.708090 76.688048 -34.744622 -17.016956 -24.441091
node 143.579887 95.146405 103.517255 -19.636179 34.205963 -5.010268
node 147.736565 116.631855 148.830637 -34.746243 43.070750 31.373701
node 119.525860 111.148073 155.526131 11.718461 -24.273075 7.189648
node 141.626253 116.495164 185.437115 -41.811889 1.243335 -8.304285
node 121.821841 135.895025 10.535310 4.602630 27.486389 18.076507
node 152.389420 119.587686 26.287252 -3.632219 41.268024 26.104082
node 135.574984 130.837127 44.863813 21.681477 0.611507 -27.006713
node 134.587742 124.247611 97.567784 -11.848424 39.763602 -43.454471
node 150.662236 142.563639 114.049861 13.545687 20.396658 -36.496029
node 152.602957 118.074486 129.272105 -28.807661 38.366484 -38.863761
node 140.743729 142.986049 168.550771 32.815981 -39.964272 28.516966
node 138.656899 145.274022 175.996196 3.895195 18.226824 41.079110
node 135.281687 145.915913 -5.206394 11.650544 26.656116 17.207220
node 131.312314 180.372667 38.307613 40.843172 -38.376393 -26.367125
node 148.501113 179.067513 73.802026 -18.401922 -31.333885 31.311947
node 148.894184 153.333260 76.612428 -16.107910 29.660562 28.996398
node 140.327314 165.373185 103.940731 17.922020 26.663215 -5.256985
node 135.348624 161.126496 128.661567 15.783779 36.329807 36.767331
node 147.387878 152.920460 170.085514 -33.135240 -33.884925 -27.818743
node 123.329284 165.901745 170.434468 29.009360 20.061268 38.327223
node 137.205544 193.695316 28.104939 3.467302 -19.601535 42.836177
node 118.957021 180.549783 56.420545 -12.147064 -17.176534 -34.117885
node 154.130628 172.919128 55.784716 35.773190 -0.031610 10.375942
node 140.825319 195.430157 68.673294 2.509442 -42.113444 29.442809
node 131.099448 201.368438 102.342783 7.334213 39.390919 -40.699144
node 119.659106 168.324721 144.759141 8.876567 -34.737297 26.662082
node 142.214023 170.308541 145.271159 -32.759335 26.000219 -36.684139
node 127.014752 177.245917 171.692889 32.251748 17.837979 21.036792
node 168.521225 13.150823 5.555525 14.559858 -34.419106 -31.696433
node 143.290587 31.071669 56.314916 -33.852554 -2.933098 14.102460
node 154.107423 22.681466 64.824722 -6.498666 -20.952535 22.836247
node 178.435053 21.637761 83.773205 39.448426 -22.011529 2.984692
node 180.690195 3.209901 102.503385 38.490545 -38.827589 -18.053965
node 166.163341 0.631966 142.935328 26.853323 0.153095 13.573092
node 174.338199 1.834951 166.533558 -34.878386 1.418909 30.405662
node 179.331604 12.429117 178.604445 13.726796 37.556892 0.885551
node 181.467659 25.391158 -3.052601 -18.238114 -9.322332 -7.131988
node 154.959014 45.253727 21.174873 -8.812024 -18.433728 -17.415290
node 146.722445 41.253104 53.809101 -31.030054 -44.940720 -19.476412
node 164.532435 52.336088 69.190137 36.424978 -33.212332 30.035605
node 174.518735 54.215204 97.992146 0.425909 -8.553737 -29.378505
node 165.507344 41.748717 126.077830 1.793903 44.026723 -0.907635
node 170.294928 33.956873 143.891070 -18.645160 27.129756 -13.814821
node 145.832638 37.944255 182.173336 21.553155 2.226615 27.406879
node 175.176447 50.078859 -2.552262 28.889683 12.410786 -43.549218
node 178.338185 63.115002 39.280878 9.579799 23.439260 31.981218
node 157.814738 45.885968 71.854932 -15.120960 30.577458 -11.544902
node 175.628611 49.560745 72.680794 34.189522 -41.032878 16.804802
node 171.850916 59.986897 107.693557 43.169170 -9.090592 -5.383178
node 148.772316 55.541371 130.062477 35.505060 -22.767824 -17.038889
node 158.854756 70.820436 148.245504 33.418986 -37.515969 -3.443595
node 143.715561 72.628021 195.501707 -25.693898 16.191422 5.156341
node 176.527156 89.842620 28.570947 -7.243407 -12.768448 -0.991123
node 152.738486 104.666771 36.170273 -22.139293 -6.190340 18.227701
node 158.593195 74.773603 76.750045 7.578110 -11.377910 -25.047491
node 151.259765 88.389298 84.836909 21.717359 -38.659533 31.260009
node 169.695209 72.966061 126.836088 -27.014929 9.660593 3.874049
node 148.992988 67.726123 148.359406 23.830880 -7.103758 -39.886814
node 165.929880 74.466210 171.644426 3.086194 -22.224214 37.535107
node 172.827781 102.981229 170.251927 -28.482462 21.336539 17.704337
node 173.579716 112.576137 9.519873 10.011342 32.019470 15.371740
node 163.443682 104.452616 45.658763 -10.655021 6.091650 34.907486
node 176.217972 128.451942 80.060124 28.389164 -44.877795 -44.721837
node 145.998753 102.929094 68.411947 -6.832366 -14.304153 3.721854
node 179.546763 104.439978 106.023392 32.353210 -14.356952 -32.569164
node 162.811958 126.766259 132.872545 17.612183 11.511376 -4.465066
node 161.444718 130.488254 145.839902 -19.815397 -4.769342 7.881414
node 177.605366 111.264021 184.996739 22.156645 -2.888058 32.474462
node 161.160480 137.424179 11.997226 -24.347810 -37.300299 -38.935502
node 178.035637 126.826707 51.963830 19.056158 33.553169 39.420181
node 148.087571 133.256006 81.722513 13.031462 35.676880 -1.599264
node 143.063723 142.415214 76.743815 2.469057 20.249277 9.667421
node 166.034658 134.837394 102.266916 -6.393568 -44.084029 9.793930
node 180.819008 121.317861 118.923623 34.761160 -22.775277 -44.197645
node 175.096811 123.119977 177.694658 -36.416089 -13.269591 8.407851
node 165.907266 144.207271 193.421085 -5.996784 -32.421712 22.673656
node 152.171472 168.518373 26.794962 -37.406658 42.488025 -42.168606
node 175.916182 175.928534 19.494300 4.129759 39.885286 -16.067424
node 174.758672 166.555950 74.084819 26.926653 -40.539171 -19.512123
node 168.638273 162.086214 106.414089 22.364092 6.105703 -18.093225
node 152.744391 177.962552 110.372035 28.438853 -36.149643 32.363411
node 143.605160 178.466257 153.497420 2.169541 -34.182044 -28.998532
node 170.744304 175.754390 143.893353 23.205484 41.140096 -14.141654
node 168.029748 156.220232 176.158856 25.758056 20.078096 -19.904499
node 165.797257 184.340231 -3.817252 -42.837541 -0.796878 -19.955968
node 156.090287 178.993984 24.336129 -9.066302 17.788461 -26.669121
node 169.153060 185.222644 59.831811 -29.228450 -27.611792 10.477920
node 153.260424 189.887117 105.291360 19.302447 16.129769 41.344252
node 173.513372 191.809079 130.420094 -39.632254 -20.815889 43.801204
node 173.388269 186.514172 144.735982 -7.475872 -10.786572 -25.805665
node 157.817520 168.686710 161.392843 -14.996458 42.826032 4.989918
node 176.352146 183.822540 185.980727 29.367605 44.208288 2.155288
node 204.517476 22.060874 15.197202 42.189990 29.204948 41.364835
node 193.353843 7.682939 36.562987 37.070083 -43.663153 -30.897554
node 186.362715 14.219668 44.887641 14.222728 35.067177 -35.133065
node 185.010925 3.709204 106.909852 9.788284 -22.162571 -33.064675
node 189.300196 25.612157 125.980251 30.001378 -26.665611 3.997593
node 202.497709 -2.659997 151.754031 35.979842 -25.392139 -38.071882
node 186.468606 25.901099 161.275740 -7.760705 0.247164 -33.710404
node 172.791413 27.319015 191.618007 -21.122845 32.832232 -39.770149
node 185.810155 46.388386 6.059966 -8.890213 2.428178 35.481214
node 198.634426 20.274704 28.651381 -10.856715 32.820529 -7.203567
node 177.095099 41.406181 61.676176 35.869275 39.123831 28.609815
node 195.856359 47.228823 103.488391 -39.128418 -14.767995 -44.609843
node 200.623824 37.797415 107.146497 -24.602425 3.134854 -18.946362
node 170.234836 20.898830 120.233579 -8.116515 -33.895676 -5.128507
node 203.457589 31.645560 147.307125 6.219992 33.752945 -13.628252
node 169.176840 23.193589 170.563713 21.647393 -3.912739 15.142438
node 195.469843 65.354288 17.647734 33.998753 14.611657 33.787225
node 186.200681 48.153441 20.225378 19.281817 -17.281257 15.404757
node 193.596833 63.741954 71.104281 0.432956 -1.080058 -0.194552
node 204.939022 58.071267 72.185807 -23.361880 16.641765 30.532825
node 206.305785 51.106785 122.913734 7.569256 -8.734358 0.903630
node 187.325769 68.554734 147.248246 -17.824188 -36.934926 29.336893
node 183.083480 73.512194 149.674764 -35.157491 36.464250 33.871590
node 207.491703 77.070187 168.975101 4.021420 44.785456 0.990734
node 202.440487 70.308859 32.001549 38.044209 5.783483 -6.168415
node 181.013783 96.328937 18.046223 -11.334583 38.041670 4.183168
node 186.455475 87.361493 54.858843 40.575380 43.379395 1.220679
node 207.203593 85.733748 84.541635 -25.810670 -27.607547 29.947882
node 196.565484 88.689828 125.663229 1.068699 4.676566 -25.804360
node 191.012825 73.210529 119.588941 16.497712 9.770353 -25.230966
node 183.751198 92.696318 164.712305 -33.517884 -29.772150 -44.910052
node 184.226499 87.039427 173.894754 15.015472 -43.387167 -34.229218
node 205.585012 131.534159 -6.263418 -0.550634 32.644992 -23.141145
node 200.870807 125.043648 42.658924 -44.798562 -10.824845 36.396513
node 194.714067 107.652925 67.778188 -23.105743 6.427176 43.355590
node 201.487281 103.837767 94.798307 -12.768792 43.823409 -37.441233
node 177.512235 124.953865 95.876924 2.812857 27.056068 21.494092
node 173.166519 110.015770 131.515215 -1.935225 7.866306 -31.877487
node 203.713224 118.107770 149.017583 5.931953 38.845452 25.479170
node 194.927485 111.148771 177.912724 6.234135 -22.610640 -16.262857
node 203.932089 152.908802 24.283577 38.322883 -28.904404 1.578703
node 192.580213 154.027294 44.058730 -9.972646 21.600682 28.587137
node 191.513792 120.899883 79.394320 -40.176197 2.432246 -34.303205
node 182.705720 150.013301 77.263837 34.598039 19.138212 -10.966641
node 177.456784 127.614150 123.189744 -40.512430 16.675971 10.825031
node 197.367385 156.590226 132.856541 -21.581496 33.972258 27.548639
node 185.944843 121.138468 165.070753 -28.135540 2.852063 -13.047001
node 180.091340 146.569659 188.130914 26.158041 -26.595668 16.029547
node 169.599422 174.546894 19.642746 40.140805 -36.759767 36.759453
node 187.898121 167.096143 30.142848 -38.026127 31.555266 -31.992578
node 182.319432 167.395657 82.402076 1.560972 44.146009 -24.611898
node 183.420207 170.362748 70.085630 22.289542 -7.163961 28.018568
node 182.684211 155.262713 131.942043 19.636281 -7.813498 -36.123279
node 196.882365 167.992252 120.453675 -34.154265 43.343659 -0.288052
node 168.396546 144.653262 148.134952 35.412688 -3.076193 5.477106
node 187.278254 145.211420 203.405862 -19.029122 -20.785787 8.477476
node 186.535161 182.232442 18.724444 39.438037 10.838267 -19.544392
node 175.707250 185.065363 18.590009 33.856590 9.908302 -26.676686
node 188.296673 169.652972 76.987497 -5.135880 4.320824 6.017475
node 194.715800 182.355143 70.629148 -3.928435 -40.694058 21.443129
node 169.020061 205.669773 122.194893 39.370461 1.202759 -23.318568
node 177.898611 197.858966 157.233711 -12.896483 22.757206 -35.095635
node 191.381809 184.723808 171.728721 -21.494145 -36.467309 -4.413286
node 193.102980 172.781553 185.612897 13.697964 29.429850 -17.273078
