 # Grain size distribution: volume (A^3) ; No. of grains
   9519.9367800000000                1
   12203.320586200000                1
   14886.704392399999                0
   17570.088198599999                5
   20253.472004800002                8
   22936.855811000001               12
   25620.239617200001               16
   28303.623423400000               28
   30987.007229600000               12
   33670.391035799999               20
   36353.774841999999               27
   39037.158648199998               20
   41720.542454399998               10
   44403.926260599997               18
   47087.310066799997               16
   49770.693872999997                9
   52454.077679199996                6
   55137.461485400003                2
   57820.845291600002                1
   60504.229097800002                3
   63187.612904000001                1
