 # Grain size distribution: volume (A^3) ; No. of grains
   66360.925164000000                1
   72017.934751399996                1
   77674.944338800007                0
   83331.953926200003                5
   88988.963513600000                4
   94645.973100999996                1
   100302.98268839999                1
   105959.99227580000                7
   111617.00186320000                5
   117274.01145060000                7
   122931.02103800001                5
   128588.03062540000                3
   134245.04021280000                3
   139902.04980020001                5
   145559.05938759999                5
   151216.06897500000                3
   156873.07856240001                1
   162530.08814979999                5
   168187.09773720001                1
   173844.10732459999                0
   179501.11691200000                1
