 # Grain size distribution: volume (A^3) ; No. of grains
   3560.3015600000003                4
   5131.4781180000009                8
   6702.6546760000010               17
   8273.8312340000011               37
   9845.0077920000022               44
   11416.184350000001               51
   12987.360908000002               62
   14558.537466000003               64
   16129.714024000003               52
   17700.890582000004               49
   19272.067140000003               45
   20843.243698000006               31
   22414.420256000005               21
   23985.596814000004               12
   25556.773372000003                8
   27127.949930000006                1
   28699.126488000005                2
   30270.303046000005                1
   31841.479604000007                1
   33412.656162000007                1
   34983.832720000006                0
