 # Grain size distribution: volume (A^3) ; No. of grains
   188138.71808800002                0
   199768.52053160002                1
   211398.32297520002                1
   223028.12541880002                0
   234657.92786240001                3
   246287.73030600004                0
   257917.53274960004                1
   269547.33519320004                3
   281177.13763680006                3
   292806.94008040003                5
   304436.74252400006                1
   316066.54496760003                2
   327696.34741120005                1
   339326.14985480002                0
   350955.95229840005                1
   362585.75474200002                0
   374215.55718560005                1
   385845.35962920007                2
   397475.16207280004                0
   409104.96451640007                1
   420734.76696000004                0
