 # Grain size distribution: volume (A^3) ; No. of grains
   955197.94940400007                0
   959632.07280340011                0
   964066.19620280003                1
   968500.31960220006                0
   972934.44300160010                0
   977368.56640100013                1
   981802.68980040005                0
   986236.81319980009                0
   990670.93659920013                0
   995105.05999860005                0
   999539.18339800008                2
   1003973.3067974001                0
   1008407.4301968000                0
   1012841.5535962001                1
   1017275.6769956001                0
   1021709.8003950001                0
   1026143.9237944001                0
   1030578.0471938001                0
   1035012.1705932001                1
   1039446.2939926001                1
   1043880.4173920001                0
